  -3.7500000e+02   3.4251372e+03   1.4950505e+03
  -3.5000000e+02   3.4501586e+03   1.4966010e+03
  -3.2500000e+02   3.4746661e+03   1.4980382e+03
  -3.0000000e+02   3.4987690e+03   1.4993713e+03
  -2.7500000e+02   3.5225763e+03   1.5006093e+03
  -2.5000000e+02   3.5461975e+03   1.5017610e+03
  -2.2500000e+02   3.5697416e+03   1.5028356e+03
  -2.0000000e+02   3.5933181e+03   1.5038421e+03
  -1.7500000e+02   3.6170360e+03   1.5047895e+03
  -1.5000000e+02   3.6410047e+03   1.5056868e+03
  -1.2500000e+02   3.6653334e+03   1.5065430e+03
  -1.0000000e+02   3.6901299e+03   1.5073668e+03
  -7.5000000e+01   3.7154189e+03   1.5081441e+03
  -5.0000000e+01   3.7410963e+03   1.5088257e+03
  -2.5000000e+01   3.7670468e+03   1.5093591e+03
   0.0000000e+00   3.7931550e+03   1.5096921e+03
   2.5000000e+01   3.8193058e+03   1.5097725e+03
   5.0000000e+01   3.8453884e+03   1.5095538e+03
   7.5000000e+01   3.8713449e+03   1.5090566e+03
   1.0000000e+02   3.8971501e+03   1.5083434e+03
   1.2500000e+02   3.9227793e+03   1.5074774e+03
   1.5000000e+02   3.9482080e+03   1.5065215e+03
   1.7500000e+02   3.9734120e+03   1.5055379e+03
   2.0000000e+02   3.9983987e+03   1.5045472e+03
   2.2500000e+02   4.0232178e+03   1.5035123e+03
   2.5000000e+02   4.0479225e+03   1.5023916e+03
   2.7500000e+02   4.0725660e+03   1.5011441e+03
   3.0000000e+02   4.0972014e+03   1.4997282e+03
   3.2500000e+02   4.1218780e+03   1.4981042e+03
   3.5000000e+02   4.1466169e+03   1.4962440e+03
   3.7500000e+02   4.1714255e+03   1.4941252e+03
   4.0000000e+02   4.1963110e+03   1.4917254e+03
   4.2500000e+02   4.2212809e+03   1.4890222e+03
   4.5000000e+02   4.2463370e+03   1.4859844e+03
   4.7500000e+02   4.2713767e+03   1.4824152e+03
   5.0000000e+02   4.2962048e+03   1.4779707e+03
   5.2500000e+02   4.3206223e+03   1.4723013e+03
   5.5000000e+02   4.3444307e+03   1.4650579e+03
   5.7500000e+02   4.3674311e+03   1.4558909e+03
   6.0000000e+02   4.3894369e+03   1.4445323e+03
   6.2500000e+02   4.4103154e+03   1.4310824e+03
   6.5000000e+02   4.4299496e+03   1.4157462e+03
   6.7500000e+02   4.4482223e+03   1.3987288e+03
   7.0000000e+02   4.4650163e+03   1.3802352e+03
   7.2500000e+02   4.4802336e+03   1.3604719e+03
   7.5000000e+02   4.4940110e+03   1.3396643e+03
   7.7500000e+02   4.5066428e+03   1.3180504e+03
   8.0000000e+02   4.5184260e+03   1.2958687e+03
   8.2500000e+02   4.5296577e+03   1.2733573e+03
   8.5000000e+02   4.5406350e+03   1.2507545e+03
   8.7500000e+02   4.5516061e+03   1.2282554e+03
   9.0000000e+02   4.5626001e+03   1.2058617e+03
   9.2500000e+02   4.5735849e+03   1.1835206e+03
   9.5000000e+02   4.5845282e+03   1.1611795e+03
   9.7500000e+02   4.5953978e+03   1.1387859e+03
   1.0000000e+03   4.6061634e+03   1.1162898e+03
   1.0250000e+03   4.6168230e+03   1.0936845e+03
   1.0500000e+03   4.6273981e+03   1.0709992e+03
   1.0750000e+03   4.6379108e+03   1.0482637e+03
   1.1000000e+03   4.6483835e+03   1.0255081e+03
   1.1250000e+03   4.6588382e+03   1.0027625e+03
   1.1500000e+03   4.6693018e+03   9.8005607e+02
   1.1750000e+03   4.6798310e+03   9.5741280e+02
   1.2000000e+03   4.6904947e+03   9.3485463e+02
   1.2250000e+03   4.7013617e+03   9.1240346e+02
   1.2500000e+03   4.7125009e+03   8.9008121e+02
   1.2750000e+03   4.7239803e+03   8.6790989e+02
   1.3000000e+03   4.7358445e+03   8.4591480e+02
   1.3250000e+03   4.7481101e+03   8.2412509e+02
   1.3500000e+03   4.7607924e+03   8.0257015e+02
   1.3750000e+03   4.7739065e+03   7.8127937e+02
   1.4000000e+03   4.7874673e+03   7.6028213e+02
   1.4250000e+03   4.8014879e+03   7.3960571e+02
   1.4500000e+03   4.8159598e+03   7.1925702e+02
   1.4750000e+03   4.8308626e+03   6.9923153e+02
   1.5000000e+03   4.8461757e+03   6.7952459e+02
   1.5250000e+03   4.8618785e+03   6.6013154e+02
   1.5500000e+03   4.8779505e+03   6.4104758e+02
   1.5750000e+03   4.8943686e+03   6.2226097e+02
   1.6000000e+03   4.9111064e+03   6.0375007e+02
   1.6250000e+03   4.9281374e+03   5.8549255e+02
   1.6500000e+03   4.9454348e+03   5.6746605e+02
   1.6750000e+03   4.9629721e+03   5.4964820e+02
   1.7000000e+03   4.9807251e+03   5.3202011e+02
   1.7250000e+03   4.9986956e+03   5.1459973e+02
   1.7500000e+03   5.0169012e+03   4.9742731e+02
   1.7750000e+03   5.0353599e+03   4.8054337e+02
   1.8000000e+03   5.0540895e+03   4.6398847e+02
   1.8250000e+03   5.0731077e+03   4.4780294e+02
   1.8500000e+03   5.0924319e+03   4.3201760e+02
   1.8750000e+03   5.1120779e+03   4.1664947e+02
   1.9000000e+03   5.1320620e+03   4.0171454e+02
   1.9250000e+03   5.1524001e+03   3.8722876e+02
   1.9500000e+03   5.1731083e+03   3.7320812e+02
   1.9750000e+03   5.1942026e+03   3.5967726e+02
   2.0000000e+03   5.2157001e+03   3.4674753e+02
   2.0250000e+03   5.2376180e+03   3.3458007e+02
   2.0500000e+03   5.2599736e+03   3.2333660e+02
   2.0750000e+03   5.2827845e+03   3.1317885e+02
   2.1000000e+03   5.3060664e+03   3.0426454e+02
   2.1250000e+03   5.3297923e+03   2.9662585e+02
   2.1500000e+03   5.3538840e+03   2.9014742e+02
   2.1750000e+03   5.3782606e+03   2.8470548e+02
   2.2000000e+03   5.4028413e+03   2.8017624e+02
   2.2250000e+03   5.4275450e+03   2.7643593e+02
   2.2500000e+03   5.4522993e+03   2.7336707e+02
   2.2750000e+03   5.4770852e+03   2.7089235e+02
   2.3000000e+03   5.5019047e+03   2.6895024e+02
   2.3250000e+03   5.5267599e+03   2.6747923e+02
   2.3500000e+03   5.5516529e+03   2.6641780e+02
   2.3750000e+03   5.5765854e+03   2.6570426e+02
   2.4000000e+03   5.6015530e+03   2.6527353e+02
   2.4250000e+03   5.6265463e+03   2.6505775e+02
   2.4500000e+03   5.6515558e+03   2.6498897e+02
   2.4750000e+03   5.6765720e+03   2.6499926e+02
   2.5000000e+03   5.7015854e+03   2.6502067e+02
   2.5250000e+03   5.7265881e+03   2.6499813e+02
   2.5500000e+03   5.7515819e+03   2.6494016e+02
   2.5750000e+03   5.7765711e+03   2.6487492e+02
   2.6000000e+03   5.8015602e+03   2.6483060e+02
   2.6250000e+03   5.8265534e+03   2.6483534e+02
   2.6500000e+03   5.8515549e+03   2.6491463e+02
   2.6750000e+03   5.8765641e+03   2.6505294e+02
   2.7000000e+03   5.9015767e+03   2.6520288e+02
   2.7250000e+03   5.9265882e+03   2.6531622e+02
   2.7500000e+03   5.9515942e+03   2.6534472e+02
   2.7750000e+03   5.9765904e+03   2.6524016e+02
   2.8000000e+03   6.0015735e+03   2.6496845e+02
   2.8250000e+03   6.0265461e+03   2.6456062e+02
   2.8500000e+03   6.0515121e+03   2.6406639e+02
   2.8750000e+03   6.0764757e+03   2.6353547e+02
   2.9000000e+03   6.1014410e+03   2.6301760e+02
   2.9250000e+03   6.1264118e+03   2.6256063e+02
   2.9500000e+03   6.1513896e+03   2.6218908e+02
   2.9750000e+03   6.1763742e+03   2.6191143e+02
   3.0000000e+03   6.2013654e+03   2.6173589e+02
   3.0250000e+03   6.2263629e+03   2.6167063e+02
   3.0500000e+03   6.2513665e+03   2.6172384e+02
   3.0750000e+03   6.2763754e+03   2.6189034e+02
   3.1000000e+03   6.3013866e+03   2.6211171e+02
   3.1250000e+03   6.3263965e+03   2.6231630e+02
   3.1500000e+03   6.3514015e+03   2.6243248e+02
   3.1750000e+03   6.3763979e+03   2.6238860e+02
   3.2000000e+03   6.4013826e+03   2.6212076e+02
   3.2250000e+03   6.4263567e+03   2.6165107e+02
   3.2500000e+03   6.4513240e+03   2.6105528e+02
   3.2750000e+03   6.4762883e+03   2.6040995e+02
   3.3000000e+03   6.5012534e+03   2.5979165e+02
   3.3250000e+03   6.5262232e+03   2.5927695e+02
   3.3500000e+03   6.5512004e+03   2.5893385e+02
   3.3750000e+03   6.5761836e+03   2.5879976e+02
   3.4000000e+03   6.6011704e+03   2.5890521e+02
   3.4250000e+03   6.6261584e+03   2.5928074e+02
   3.4500000e+03   6.6511455e+03   2.5995688e+02
   3.4750000e+03   6.6761279e+03   2.6096851e+02
   3.5000000e+03   6.7010922e+03   2.6238425e+02
   3.5250000e+03   6.7260203e+03   2.6428851e+02
   3.5500000e+03   6.7508940e+03   2.6676578e+02
   3.5750000e+03   6.7756954e+03   2.6990053e+02
   3.6000000e+03   6.8004061e+03   2.7377733e+02
   3.6250000e+03   6.8249853e+03   2.7848938e+02
   3.6500000e+03   6.8493474e+03   2.8414707e+02
   3.6750000e+03   6.8734016e+03   2.9086277e+02
   3.7000000e+03   6.8970570e+03   2.9874890e+02
   3.7250000e+03   6.9202229e+03   3.0791782e+02
   3.7500000e+03   6.9428298e+03   3.1842817e+02
   3.7750000e+03   6.9648759e+03   3.3016773e+02
   3.8000000e+03   6.9863729e+03   3.4299039e+02
   3.8250000e+03   7.0073326e+03   3.5675005e+02
   3.8500000e+03   7.0277666e+03   3.7130059e+02
   3.8750000e+03   7.0476855e+03   3.8650031e+02
   3.9000000e+03   7.0670755e+03   4.0229045e+02
   3.9250000e+03   7.0859017e+03   4.1868604e+02
   3.9500000e+03   7.1041285e+03   4.3570470e+02
   3.9750000e+03   7.1217199e+03   4.5336405e+02
   4.0000000e+03   7.1386405e+03   4.7168130e+02
   4.0250000e+03   7.1548617e+03   4.9065357e+02
   4.0500000e+03   7.1703653e+03   5.1024843e+02
   4.0750000e+03   7.1851342e+03   5.3043107e+02
   4.1000000e+03   7.1991511e+03   5.5116671e+02
   4.1250000e+03   7.2123985e+03   5.7242055e+02
   4.1500000e+03   7.2248500e+03   5.9415975e+02
   4.1750000e+03   7.2364145e+03   6.1636480e+02
   4.2000000e+03   7.2469744e+03   6.3902182e+02
   4.2250000e+03   7.2564117e+03   6.6211692e+02
   4.2500000e+03   7.2646085e+03   6.8563623e+02
   4.2750000e+03   7.2714606e+03   7.0956296e+02
   4.3000000e+03   7.2770282e+03   7.3384525e+02
   4.3250000e+03   7.2814812e+03   7.5840792e+02
   4.3500000e+03   7.2849912e+03   7.8317537e+02
   4.3750000e+03   7.2877298e+03   8.0807199e+02
   4.4000000e+03   7.2898686e+03   8.3302225e+02
   4.4250000e+03   7.2915478e+03   8.5797210e+02
   4.4500000e+03   7.2928313e+03   8.8291947e+02
   4.4750000e+03   7.2937717e+03   9.0787001e+02
   4.5000000e+03   7.2944216e+03   9.3282936e+02
   4.5250000e+03   7.2948338e+03   9.5780317e+02
   4.5500000e+03   7.2950591e+03   9.8279499e+02
   4.5750000e+03   7.2951426e+03   1.0078008e+03
   4.6000000e+03   7.2951280e+03   1.0328150e+03
   4.6250000e+03   7.2950591e+03   1.0578317e+03
   4.6500000e+03   7.2949794e+03   1.0828453e+03
   4.6750000e+03   7.2949307e+03   1.1078505e+03
   4.7000000e+03   7.2949237e+03   1.1328468e+03
   4.7250000e+03   7.2949451e+03   1.1578379e+03
   4.7500000e+03   7.2949807e+03   1.1828275e+03
   4.7750000e+03   7.2950164e+03   1.2078193e+03
   4.8000000e+03   7.2950386e+03   1.2328168e+03
   4.8250000e+03   7.2950424e+03   1.2578206e+03
   4.8500000e+03   7.2950328e+03   1.2828280e+03
   4.8750000e+03   7.2950151e+03   1.3078361e+03
   4.9000000e+03   7.2949947e+03   1.3328419e+03
   4.9250000e+03   7.2949770e+03   1.3578426e+03
   4.9500000e+03   7.2949667e+03   1.3828365e+03
   4.9750000e+03   7.2949665e+03   1.4078266e+03
   5.0000000e+03   7.2949788e+03   1.4328167e+03
   5.0250000e+03   7.2950056e+03   1.4578108e+03
   5.0500000e+03   7.2950493e+03   1.4828130e+03
   5.0750000e+03   7.2950994e+03   1.5078253e+03
   5.1000000e+03   7.2950791e+03   1.5328415e+03
   5.1250000e+03   7.2948904e+03   1.5578522e+03
   5.1500000e+03   7.2944350e+03   1.5828482e+03
   5.1750000e+03   7.2936149e+03   1.6078203e+03
   5.2000000e+03   7.2923328e+03   1.6327593e+03
   5.2250000e+03   7.2905147e+03   1.6576557e+03
   5.2500000e+03   7.2881129e+03   1.6825003e+03
   5.2750000e+03   7.2850810e+03   1.7072834e+03
   5.3000000e+03   7.2813725e+03   1.7319957e+03
   5.3250000e+03   7.2769410e+03   1.7566275e+03
   5.3500000e+03   7.2717173e+03   1.7811380e+03
   5.3750000e+03   7.2655913e+03   1.8054304e+03
   5.4000000e+03   7.2584487e+03   1.8294017e+03
   5.4250000e+03   7.2501750e+03   1.8529488e+03
   5.4500000e+03   7.2406558e+03   1.8759689e+03
   5.4750000e+03   7.2297934e+03   1.8983675e+03
   5.5000000e+03   7.2176639e+03   1.9201401e+03
   5.5250000e+03   7.2044484e+03   1.9413360e+03
   5.5500000e+03   7.1903291e+03   1.9620055e+03
   5.5750000e+03   7.1754883e+03   1.9821985e+03
   5.6000000e+03   7.1601064e+03   2.0019644e+03
   5.6250000e+03   7.1442728e+03   2.0213102e+03
   5.6500000e+03   7.1279500e+03   2.0401846e+03
   5.6750000e+03   7.1110914e+03   2.0585319e+03
   5.7000000e+03   7.0936501e+03   2.0762964e+03
   5.7250000e+03   7.0755796e+03   2.0934224e+03
   5.7500000e+03   7.0568385e+03   2.1098569e+03
   5.7750000e+03   7.0374431e+03   2.1255763e+03
   5.8000000e+03   7.0174442e+03   2.1405748e+03
   5.8250000e+03   6.9968927e+03   2.1548464e+03
   5.8500000e+03   6.9758400e+03   2.1683854e+03
   5.8750000e+03   6.9543369e+03   2.1811856e+03
   5.9000000e+03   6.9324179e+03   2.1932167e+03
   5.9250000e+03   6.9100912e+03   2.2044092e+03
   5.9500000e+03   6.8873628e+03   2.2146902e+03
   5.9750000e+03   6.8642384e+03   2.2239869e+03
   6.0000000e+03   6.8407240e+03   2.2322262e+03
   6.0250000e+03   6.8168277e+03   2.2393416e+03
   6.0500000e+03   6.7925915e+03   2.2453634e+03
   6.0750000e+03   6.7680847e+03   2.2503976e+03
   6.1000000e+03   6.7433766e+03   2.2545524e+03
   6.1250000e+03   6.7185372e+03   2.2579357e+03
   6.1500000e+03   6.6936357e+03   2.2606557e+03
   6.1750000e+03   6.6687213e+03   2.2628105e+03
   6.2000000e+03   6.6437977e+03   2.2644764e+03
   6.2250000e+03   6.6188630e+03   2.2657272e+03
   6.2500000e+03   6.5939149e+03   2.2666364e+03
   6.2750000e+03   6.5689515e+03   2.2672776e+03
   6.3000000e+03   6.5439707e+03   2.2677237e+03
   6.3250000e+03   6.5189743e+03   2.2680315e+03
   6.3500000e+03   6.4939675e+03   2.2682417e+03
   6.3750000e+03   6.4689554e+03   2.2683947e+03
   6.4000000e+03   6.4439435e+03   2.2685307e+03
   6.4250000e+03   6.4189369e+03   2.2686901e+03
   6.4500000e+03   6.3939389e+03   2.2688967e+03
   6.4750000e+03   6.3689474e+03   2.2691348e+03
   6.5000000e+03   6.3439595e+03   2.2693832e+03
   6.5250000e+03   6.3189725e+03   2.2696207e+03
   6.5500000e+03   6.2939835e+03   2.2698260e+03
   6.5750000e+03   6.2689898e+03   2.2699789e+03
   6.6000000e+03   6.2439911e+03   2.2700850e+03
   6.6250000e+03   6.2189894e+03   2.2701752e+03
   6.6500000e+03   6.1939870e+03   2.2702814e+03
   6.6750000e+03   6.1689859e+03   2.2704354e+03
   6.7000000e+03   6.1439884e+03   2.2706692e+03
   6.7250000e+03   6.1189955e+03   2.2709969e+03
   6.7500000e+03   6.0940056e+03   2.2713905e+03
   6.7750000e+03   6.0690165e+03   2.2718158e+03
   6.8000000e+03   6.0440263e+03   2.2722385e+03
   6.8250000e+03   6.0190329e+03   2.2726243e+03
   6.8500000e+03   5.9940345e+03   2.2729379e+03
   6.8750000e+03   5.9690331e+03   2.2731182e+03
   6.9000000e+03   5.9440348e+03   2.2730793e+03
   6.9250000e+03   5.9190458e+03   2.2727337e+03
   6.9500000e+03   5.8940722e+03   2.2719942e+03
   6.9750000e+03   5.8691203e+03   2.2707738e+03
   7.0000000e+03   5.8441968e+03   2.2690129e+03
   7.0250000e+03   5.8193100e+03   2.2667226e+03
   7.0500000e+03   5.7944687e+03   2.2639246e+03
   7.0750000e+03   5.7696812e+03   2.2606407e+03
   7.1000000e+03   5.7449563e+03   2.2568927e+03
   7.1250000e+03   5.7203035e+03   2.2526993e+03
   7.1500000e+03   5.6957669e+03   2.2479675e+03
   7.1750000e+03   5.6714336e+03   2.2424678e+03
   7.2000000e+03   5.6473929e+03   2.2359620e+03
   7.2250000e+03   5.6237344e+03   2.2282120e+03
   7.2500000e+03   5.6005475e+03   2.2189797e+03
   7.2750000e+03   5.5779485e+03   2.2080674e+03
   7.3000000e+03   5.5561705e+03   2.1954545e+03
   7.3250000e+03   5.5354789e+03   2.1811690e+03
   7.3500000e+03   5.5161390e+03   2.1652388e+03
   7.3750000e+03   5.4984161e+03   2.1476919e+03
   7.4000000e+03   5.4825753e+03   2.1285565e+03
   7.4250000e+03   5.4687786e+03   2.1079179e+03
   7.4500000e+03   5.4569232e+03   2.0860098e+03
   7.4750000e+03   5.4468639e+03   2.0630890e+03
   7.5000000e+03   5.4384557e+03   2.0394125e+03
   7.5250000e+03   5.4315535e+03   2.0152372e+03
   7.5500000e+03   5.4260234e+03   1.9908072e+03
   7.5750000e+03   5.4218454e+03   1.9662340e+03
   7.6000000e+03   5.4190675e+03   1.9415503e+03
   7.6250000e+03   5.4177384e+03   1.9167880e+03
   7.6500000e+03   5.4179069e+03   1.8919787e+03
   7.6750000e+03   5.4196216e+03   1.8671544e+03
   7.7000000e+03   5.4229317e+03   1.8423692e+03
   7.7250000e+03   5.4278875e+03   1.8177833e+03
   7.7500000e+03   5.4345399e+03   1.7935881e+03
   7.7750000e+03   5.4429396e+03   1.7699747e+03
   7.8000000e+03   5.4531375e+03   1.7471344e+03
   7.8250000e+03   5.4651791e+03   1.7252566e+03
   7.8500000e+03   5.4790238e+03   1.7044975e+03
   7.8750000e+03   5.4945608e+03   1.6849865e+03
   7.9000000e+03   5.5116768e+03   1.6668523e+03
   7.9250000e+03   5.5302588e+03   1.6502233e+03
   7.9500000e+03   5.5501938e+03   1.6352282e+03
   7.9750000e+03   5.5713577e+03   1.6219730e+03
   8.0000000e+03   5.5935718e+03   1.6104512e+03
   8.0250000e+03   5.6166403e+03   1.6006210e+03
   8.0500000e+03   5.6403675e+03   1.5924408e+03
   8.0750000e+03   5.6645575e+03   1.5858689e+03
   8.1000000e+03   5.6890226e+03   1.5808614e+03
   8.1250000e+03   5.7136667e+03   1.5773509e+03
   8.1500000e+03   5.7384525e+03   1.5752550e+03
   8.1750000e+03   5.7633433e+03   1.5744910e+03
   8.2000000e+03   5.7883026e+03   1.5749760e+03
   8.2250000e+03   5.8132939e+03   1.5766274e+03
   8.2500000e+03   5.8382562e+03   1.5794069e+03
   8.2750000e+03   5.8630630e+03   1.5833954e+03
   8.3000000e+03   5.8875768e+03   1.5886934e+03
   8.3250000e+03   5.9116601e+03   1.5954019e+03
   8.3500000e+03   5.9351755e+03   1.6036216e+03
   8.3750000e+03   5.9580378e+03   1.6133679e+03
   8.4000000e+03   5.9804115e+03   1.6242492e+03
   8.4250000e+03   6.0025357e+03   1.6357526e+03
   8.4500000e+03   6.0246493e+03   1.6473649e+03
   8.4750000e+03   6.0469914e+03   1.6585730e+03
   8.5000000e+03   6.0697968e+03   1.6688705e+03
   8.5250000e+03   6.0931535e+03   1.6779763e+03
   8.5500000e+03   6.1169663e+03   1.6858906e+03
   8.5750000e+03   6.1411288e+03   1.6926310e+03
   8.6000000e+03   6.1655347e+03   1.6982149e+03
   8.6250000e+03   6.1900777e+03   1.7026599e+03
   8.6500000e+03   6.2146828e+03   1.7059789e+03
   8.6750000e+03   6.2393430e+03   1.7081749e+03
   8.7000000e+03   6.2640606e+03   1.7092492e+03
   8.7250000e+03   6.2888376e+03   1.7092035e+03
   8.7500000e+03   6.3136761e+03   1.7080392e+03
   8.7750000e+03   6.3385729e+03   1.7057579e+03
   8.8000000e+03   6.3634602e+03   1.7023621e+03
   8.8250000e+03   6.3882276e+03   1.6978543e+03
   8.8500000e+03   6.4127644e+03   1.6922376e+03
   8.8750000e+03   6.4369595e+03   1.6855148e+03
   8.9000000e+03   6.4607029e+03   1.6776879e+03
   8.9250000e+03   6.4839105e+03   1.6687392e+03
   8.9500000e+03   6.5065310e+03   1.6586251e+03
   8.9750000e+03   6.5285152e+03   1.6473005e+03
   9.0000000e+03   6.5498140e+03   1.6347206e+03
   9.0250000e+03   6.5703782e+03   1.6208401e+03
   9.0500000e+03   6.5901549e+03   1.6056285e+03
   9.0750000e+03   6.6090656e+03   1.5891585e+03
   9.1000000e+03   6.6270202e+03   1.5715487e+03
   9.1250000e+03   6.6439285e+03   1.5529175e+03
   9.1500000e+03   6.6597006e+03   1.5333837e+03
   9.1750000e+03   6.6742483e+03   1.5130643e+03
   9.2000000e+03   6.6875344e+03   1.4920401e+03
   9.2250000e+03   6.6995747e+03   1.4703541e+03
   9.2500000e+03   6.7103874e+03   1.4480475e+03
   9.2750000e+03   6.7199907e+03   1.4251614e+03
   9.3000000e+03   6.7284028e+03   1.4017369e+03
   9.3250000e+03   6.7356417e+03   1.3778203e+03
   9.3500000e+03   6.7417241e+03   1.3534948e+03
   9.3750000e+03   6.7466658e+03   1.3288611e+03
   9.4000000e+03   6.7504828e+03   1.3040196e+03
   9.4250000e+03   6.7531910e+03   1.2790710e+03
   9.4500000e+03   6.7548062e+03   1.2541148e+03
   9.4750000e+03   6.7553430e+03   1.2292093e+03
   9.5000000e+03   6.7548145e+03   1.2043615e+03
   9.5250000e+03   6.7532333e+03   1.1795749e+03
   9.5500000e+03   6.7506124e+03   1.1548533e+03
   9.5750000e+03   6.7469647e+03   1.1302003e+03
   9.6000000e+03   6.7422983e+03   1.1056256e+03
   9.6250000e+03   6.7365662e+03   1.0812104e+03
   9.6500000e+03   6.7296849e+03   1.0570828e+03
   9.6750000e+03   6.7215704e+03   1.0333719e+03
   9.7000000e+03   6.7121388e+03   1.0102065e+03
   9.7250000e+03   6.7013062e+03   9.8771552e+02
   9.7500000e+03   6.6890423e+03   9.6599866e+02
   9.7750000e+03   6.6754268e+03   9.4509575e+02
   9.8000000e+03   6.6605530e+03   9.2503919e+02
   9.8250000e+03   6.6445141e+03   9.0586141e+02
   9.8500000e+03   6.6274034e+03   8.8759482e+02
   9.8750000e+03   6.6093136e+03   8.7027232e+02
   9.9000000e+03   6.5903210e+03   8.5394441e+02
   9.9250000e+03   6.5704809e+03   8.3868366e+02
   9.9500000e+03   6.5498474e+03   8.2456403e+02
   9.9750000e+03   6.5284747e+03   8.1165948e+02
   1.0000000e+04   6.5064168e+03   8.0004397e+02
   1.0025000e+04   6.4837330e+03   7.8976168e+02
   1.0050000e+04   6.4605078e+03   7.8071212e+02
   1.0075000e+04   6.4368335e+03   7.7275097e+02
   1.0100000e+04   6.4128022e+03   7.6573389e+02
   1.0125000e+04   6.3885061e+03   7.5951655e+02
   1.0150000e+04   6.3640375e+03   7.5395473e+02
   1.0175000e+04   6.3394679e+03   7.4896462e+02
   1.0200000e+04   6.3148144e+03   7.4462279e+02
   1.0225000e+04   6.2900854e+03   7.4103219e+02
   1.0250000e+04   6.2652889e+03   7.3829572e+02
   1.0275000e+04   6.2404332e+03   7.3651632e+02
   1.0300000e+04   6.2155267e+03   7.3577764e+02
   1.0325000e+04   6.1905816e+03   7.3598595e+02
   1.0350000e+04   6.1656117e+03   7.3695190e+02
   1.0375000e+04   6.1406309e+03   7.3848523e+02
   1.0400000e+04   6.1156532e+03   7.4039569e+02
   1.0425000e+04   6.0906924e+03   7.4249299e+02
   1.0450000e+04   6.0657607e+03   7.4463928e+02
   1.0475000e+04   6.0408637e+03   7.4688778e+02
   1.0500000e+04   6.0160054e+03   7.4933534e+02
   1.0525000e+04   5.9911900e+03   7.5207879e+02
   1.0550000e+04   5.9664216e+03   7.5521494e+02
   1.0575000e+04   5.9417053e+03   7.5883728e+02
   1.0600000e+04   5.9170582e+03   7.6299873e+02
   1.0625000e+04   5.8925056e+03   7.6772528e+02
   1.0650000e+04   5.8680727e+03   7.7304246e+02
   1.0675000e+04   5.8437849e+03   7.7897578e+02
   1.0700000e+04   5.8196674e+03   7.8555075e+02
   1.0725000e+04   5.7957430e+03   7.9278530e+02
   1.0750000e+04   5.7720216e+03   8.0066022e+02
   1.0775000e+04   5.7485089e+03   8.0914499e+02
   1.0800000e+04   5.7252110e+03   8.1820907e+02
   1.0825000e+04   5.7021337e+03   8.2782192e+02
   1.0850000e+04   5.6792831e+03   8.3795364e+02
   1.0875000e+04   5.6566665e+03   8.4858552e+02
   1.0900000e+04   5.6342928e+03   8.5970868e+02
   1.0925000e+04   5.6121707e+03   8.7131459e+02
   1.0950000e+04   5.5903091e+03   8.8339471e+02
   1.0975000e+04   5.5687167e+03   8.9594050e+02
   1.1000000e+04   5.5474047e+03   9.0894695e+02
   1.1025000e+04   5.5263989e+03   9.2243059e+02
   1.1050000e+04   5.5057303e+03   9.3641611e+02
   1.1075000e+04   5.4854303e+03   9.5092820e+02
   1.1100000e+04   5.4655300e+03   9.6599156e+02
   1.1125000e+04   5.4460598e+03   9.8162941e+02
   1.1150000e+04   5.4270324e+03   9.9783237e+02
   1.1175000e+04   5.4084432e+03   1.0145591e+03
   1.1200000e+04   5.3902870e+03   1.0317669e+03
   1.1225000e+04   5.3725584e+03   1.0494132e+03
   1.1250000e+04   5.3552521e+03   1.0674553e+03
   1.1275000e+04   5.3383579e+03   1.0858502e+03
   1.1300000e+04   5.3218341e+03   1.1045534e+03
   1.1325000e+04   5.3056263e+03   1.1235199e+03
   1.1350000e+04   5.2896802e+03   1.1427043e+03
   1.1375000e+04   5.2739413e+03   1.1620616e+03
   1.1400000e+04   5.2583564e+03   1.1815473e+03
   1.1425000e+04   5.2428946e+03   1.2011356e+03
   1.1450000e+04   5.2275479e+03   1.2208188e+03
   1.1475000e+04   5.2123093e+03   1.2405899e+03
   1.1500000e+04   5.1971715e+03   1.2604420e+03
   1.1525000e+04   5.1821275e+03   1.2803682e+03
   1.1550000e+04   5.1671733e+03   1.3003641e+03
   1.1575000e+04   5.1523252e+03   1.3204399e+03
   1.1600000e+04   5.1376070e+03   1.3406118e+03
   1.1625000e+04   5.1230426e+03   1.3608958e+03
   1.1650000e+04   5.1086558e+03   1.3813081e+03
   1.1675000e+04   5.0944700e+03   1.4018642e+03
   1.1700000e+04   5.0805005e+03   1.4225712e+03
   1.1725000e+04   5.0667545e+03   1.4434283e+03
   1.1750000e+04   5.0532394e+03   1.4644342e+03
   1.1775000e+04   5.0399622e+03   1.4855877e+03
   1.1800000e+04   5.0269300e+03   1.5068877e+03
   1.1825000e+04   5.0141477e+03   1.5283323e+03
   1.1850000e+04   5.0016059e+03   1.5499160e+03
   1.1875000e+04   4.9892904e+03   1.5716320e+03
   1.1900000e+04   4.9771868e+03   1.5934737e+03
   1.1925000e+04   4.9652806e+03   1.6154342e+03
   1.1950000e+04   4.9535572e+03   1.6375063e+03
   1.1975000e+04   4.9419972e+03   1.6596764e+03
   1.2000000e+04   4.9305767e+03   1.6819253e+03
   1.2025000e+04   4.9192718e+03   1.7042334e+03
   1.2050000e+04   4.9080588e+03   1.7265815e+03
   1.2075000e+04   4.8969138e+03   1.7489499e+03
   1.2100000e+04   4.8858119e+03   1.7713213e+03
   1.2125000e+04   4.8747242e+03   1.7936883e+03
   1.2150000e+04   4.8636207e+03   1.8160460e+03
   1.2175000e+04   4.8524710e+03   1.8383898e+03
   1.2200000e+04   4.8412452e+03   1.8607151e+03
   1.2225000e+04   4.8299083e+03   1.8830129e+03
   1.2250000e+04   4.8183711e+03   1.9052233e+03
   1.2275000e+04   4.8065087e+03   1.9272534e+03
   1.2300000e+04   4.7941955e+03   1.9490094e+03
   1.2325000e+04   4.7813060e+03   1.9703980e+03
   1.2350000e+04   4.7677146e+03   1.9913254e+03
   1.2375000e+04   4.7533251e+03   2.0117118e+03
   1.2400000e+04   4.7381493e+03   2.0315280e+03
   1.2425000e+04   4.7222242e+03   2.0507566e+03
   1.2450000e+04   4.7055869e+03   2.0693802e+03
   1.2475000e+04   4.6882747e+03   2.0873814e+03
   1.2500000e+04   4.6703239e+03   2.1047433e+03
   1.2525000e+04   4.6517645e+03   2.1214539e+03
   1.2550000e+04   4.6326224e+03   2.1375039e+03
   1.2575000e+04   4.6129235e+03   2.1528846e+03
   1.2600000e+04   4.5926936e+03   2.1675867e+03
   1.2625000e+04   4.5719585e+03   2.1816014e+03
   1.2650000e+04   4.5507387e+03   2.1948956e+03
   1.2675000e+04   4.5290320e+03   2.2073337e+03
   1.2700000e+04   4.5068297e+03   2.2187518e+03
   1.2725000e+04   4.4841233e+03   2.2289863e+03
   1.2750000e+04   4.4609043e+03   2.2378735e+03
   1.2775000e+04   4.4371677e+03   2.2452625e+03
   1.2800000e+04   4.4129684e+03   2.2512076e+03
   1.2825000e+04   4.3884095e+03   2.2559295e+03
   1.2850000e+04   4.3635955e+03   2.2596540e+03
   1.2875000e+04   4.3386311e+03   2.2626068e+03
   1.2900000e+04   4.3136206e+03   2.2650136e+03
   1.2925000e+04   4.2886551e+03   2.2670766e+03
   1.2950000e+04   4.2637415e+03   2.2688543e+03
   1.2975000e+04   4.2388548e+03   2.2703504e+03
   1.3000000e+04   4.2139699e+03   2.2715683e+03
   1.3025000e+04   4.1890617e+03   2.2725116e+03
   1.3050000e+04   4.1641061e+03   2.2731851e+03
   1.3075000e+04   4.1390996e+03   2.2736261e+03
   1.3100000e+04   4.1140598e+03   2.2739045e+03
   1.3125000e+04   4.0890055e+03   2.2740918e+03
   1.3150000e+04   4.0639552e+03   2.2742593e+03
   1.3175000e+04   4.0389275e+03   2.2744785e+03
   1.3200000e+04   4.0139379e+03   2.2748109e+03
   1.3225000e+04   3.9889812e+03   2.2752500e+03
   1.3250000e+04   3.9640432e+03   2.2757612e+03
   1.3275000e+04   3.9391098e+03   2.2763097e+03
   1.3300000e+04   3.9141669e+03   2.2768606e+03
   1.3325000e+04   3.8892010e+03   2.2773791e+03
   1.3350000e+04   3.8642094e+03   2.2778325e+03
   1.3375000e+04   3.8392013e+03   2.2781900e+03
   1.3400000e+04   3.8141862e+03   2.2784210e+03
   1.3425000e+04   3.7891737e+03   2.2784948e+03
   1.3450000e+04   3.7641733e+03   2.2783809e+03
   1.3475000e+04   3.7391907e+03   2.2780714e+03
   1.3500000e+04   3.7142216e+03   2.2776176e+03
   1.3525000e+04   3.6892602e+03   2.2770801e+03
   1.3550000e+04   3.6643007e+03   2.2765193e+03
   1.3575000e+04   3.6393372e+03   2.2759959e+03
   1.3600000e+04   3.6143646e+03   2.2755624e+03
   1.3625000e+04   3.5893828e+03   2.2752150e+03
   1.3650000e+04   3.5643940e+03   2.2749255e+03
   1.3675000e+04   3.5394005e+03   2.2746657e+03
   1.3700000e+04   3.5144042e+03   2.2744075e+03
   1.3725000e+04   3.4894075e+03   2.2741224e+03
   1.3750000e+04   3.4644123e+03   2.2737811e+03
   1.3775000e+04   3.4394205e+03   2.2733531e+03
   1.3800000e+04   3.4144338e+03   2.2728079e+03
   1.3825000e+04   3.3894543e+03   2.2721147e+03
   1.3850000e+04   3.3644836e+03   2.2712431e+03
   1.3875000e+04   3.3395239e+03   2.2701577e+03
   1.3900000e+04   3.3145798e+03   2.2687895e+03
   1.3925000e+04   3.2896568e+03   2.2670538e+03
   1.3950000e+04   3.2647605e+03   2.2648660e+03
   1.3975000e+04   3.2398963e+03   2.2621415e+03
   1.4000000e+04   3.2150713e+03   2.2587947e+03
   1.4025000e+04   3.1903377e+03   2.2547049e+03
   1.4050000e+04   3.1658028e+03   2.2497088e+03
   1.4075000e+04   3.1415773e+03   2.2436407e+03
   1.4100000e+04   3.1177717e+03   2.2363350e+03
   1.4125000e+04   3.0944965e+03   2.2276259e+03
   1.4150000e+04   3.0718532e+03   2.2173697e+03
   1.4175000e+04   3.0498450e+03   2.2056582e+03
   1.4200000e+04   3.0284158e+03   2.1927247e+03
   1.4225000e+04   3.0075089e+03   2.1788046e+03
   1.4250000e+04   2.9870674e+03   2.1641331e+03
   1.4275000e+04   2.9670351e+03   2.1489447e+03
   1.4300000e+04   2.9473997e+03   2.1333702e+03
   1.4325000e+04   2.9282315e+03   2.1173471e+03
   1.4350000e+04   2.9096097e+03   2.1007918e+03
   1.4375000e+04   2.8916139e+03   2.0836205e+03
   1.4400000e+04   2.8743232e+03   2.0657495e+03
   1.4425000e+04   2.8578149e+03   2.0470985e+03
   1.4450000e+04   2.8421086e+03   2.0276745e+03
   1.4475000e+04   2.8271628e+03   2.0075784e+03
   1.4500000e+04   2.8129327e+03   1.9869153e+03
   1.4525000e+04   2.7993735e+03   1.9657908e+03
   1.4550000e+04   2.7864405e+03   1.9443102e+03
   1.4575000e+04   2.7740798e+03   1.9225674e+03
   1.4600000e+04   2.7622004e+03   1.9006113e+03
   1.4625000e+04   2.7507024e+03   1.8784793e+03
   1.4650000e+04   2.7394854e+03   1.8562088e+03
   1.4675000e+04   2.7284496e+03   1.8338372e+03
   1.4700000e+04   2.7174948e+03   1.8114020e+03
   1.4725000e+04   2.7065411e+03   1.7889364e+03
   1.4750000e+04   2.6955566e+03   1.7664641e+03
   1.4775000e+04   2.6845161e+03   1.7440075e+03
   1.4800000e+04   2.6733949e+03   1.7215887e+03
   1.4825000e+04   2.6621678e+03   1.6992301e+03
   1.4850000e+04   2.6508103e+03   1.6769530e+03
   1.4875000e+04   2.6393013e+03   1.6547698e+03
   1.4900000e+04   2.6276220e+03   1.6326875e+03
   1.4925000e+04   2.6157535e+03   1.6107133e+03
   1.4950000e+04   2.6036771e+03   1.5888540e+03
   1.4975000e+04   2.5913737e+03   1.5671166e+03
   1.5000000e+04   2.5788285e+03   1.5455072e+03
   1.5025000e+04   2.5660476e+03   1.5240256e+03
   1.5050000e+04   2.5530450e+03   1.5026698e+03
   1.5075000e+04   2.5398343e+03   1.4814377e+03
   1.5100000e+04   2.5264293e+03   1.4603273e+03
   1.5125000e+04   2.5128435e+03   1.4393365e+03
   1.5150000e+04   2.4990843e+03   1.4184645e+03
   1.5175000e+04   2.4851510e+03   1.3977118e+03
   1.5200000e+04   2.4710426e+03   1.3770790e+03
   1.5225000e+04   2.4567583e+03   1.3565670e+03
   1.5250000e+04   2.4422970e+03   1.3361763e+03
   1.5275000e+04   2.4276585e+03   1.3159073e+03
   1.5300000e+04   2.4128519e+03   1.2957569e+03
   1.5325000e+04   2.3978930e+03   1.2757197e+03
   1.5350000e+04   2.3827978e+03   1.2557899e+03
   1.5375000e+04   2.3675821e+03   1.2359620e+03
   1.5400000e+04   2.3522621e+03   1.2162304e+03
   1.5425000e+04   2.3368421e+03   1.1965944e+03
   1.5450000e+04   2.3212990e+03   1.1770654e+03
   1.5475000e+04   2.3056052e+03   1.1576567e+03
   1.5500000e+04   2.2897333e+03   1.1383817e+03
   1.5525000e+04   2.2736558e+03   1.1192534e+03
   1.5550000e+04   2.2573450e+03   1.1002858e+03
   1.5575000e+04   2.2407630e+03   1.0815205e+03
   1.5600000e+04   2.2238568e+03   1.0630401e+03
   1.5625000e+04   2.2065723e+03   1.0449305e+03
   1.5650000e+04   2.1888553e+03   1.0272777e+03
   1.5675000e+04   2.1706516e+03   1.0101676e+03
   1.5700000e+04   2.1519191e+03   9.9367105e+02
   1.5725000e+04   2.1326822e+03   9.7777526e+02
   1.5750000e+04   2.1129882e+03   9.6243888e+02
   1.5775000e+04   2.0928845e+03   9.4762051e+02
   1.5800000e+04   2.0724183e+03   9.3327875e+02
   1.5825000e+04   2.0516369e+03   9.1937221e+02
   1.5850000e+04   2.0305787e+03   9.0587358e+02
   1.5875000e+04   2.0092526e+03   8.9280090e+02
   1.5900000e+04   1.9876621e+03   8.8018128e+02
   1.5925000e+04   1.9658104e+03   8.6804185e+02
   1.5950000e+04   1.9437008e+03   8.5640971e+02
   1.5975000e+04   1.9213367e+03   8.4531128e+02
   1.6000000e+04   1.8987219e+03   8.3476182e+02
   1.6025000e+04   1.8758606e+03   8.2476775e+02
   1.6050000e+04   1.8527573e+03   8.1533529e+02
   1.6075000e+04   1.8294160e+03   8.0647063e+02
   1.6100000e+04   1.8058412e+03   7.9817997e+02
   1.6125000e+04   1.7820387e+03   7.9047099e+02
   1.6150000e+04   1.7580283e+03   7.8336398e+02
   1.6175000e+04   1.7338372e+03   7.7688562e+02
   1.6200000e+04   1.7094923e+03   7.7106262e+02
   1.6225000e+04   1.6850205e+03   7.6592167e+02
   1.6250000e+04   1.6604489e+03   7.6148862e+02
   1.6275000e+04   1.6357972e+03   7.5772799e+02
   1.6300000e+04   1.6110742e+03   7.5450409e+02
   1.6325000e+04   1.5862871e+03   7.5167192e+02
   1.6350000e+04   1.5614434e+03   7.4908652e+02
   1.6375000e+04   1.5365507e+03   7.4660292e+02
   1.6400000e+04   1.5116165e+03   7.4408712e+02
   1.6425000e+04   1.4866526e+03   7.4158626e+02
   1.6450000e+04   1.4616741e+03   7.3929595e+02
   1.6475000e+04   1.4366960e+03   7.3741618e+02
   1.6500000e+04   1.4117336e+03   7.3614697e+02
   1.6525000e+04   1.3868020e+03   7.3568788e+02
   1.6550000e+04   1.3619113e+03   7.3616055e+02
   1.6575000e+04   1.3370613e+03   7.3751916e+02
   1.6600000e+04   1.3122501e+03   7.3969618e+02
   1.6625000e+04   1.2874761e+03   7.4262408e+02
   1.6650000e+04   1.2627375e+03   7.4623531e+02
   1.6675000e+04   1.2380344e+03   7.5046580e+02
   1.6700000e+04   1.2134070e+03   7.5533160e+02
   1.6725000e+04   1.1889362e+03   7.6092913e+02
   1.6750000e+04   1.1647043e+03   7.6735835e+02
   1.6775000e+04   1.1407939e+03   7.7471920e+02
   1.6800000e+04   1.1172876e+03   7.8311161e+02
   1.6825000e+04   1.0942619e+03   7.9261565e+02
   1.6850000e+04   1.0717775e+03   8.0325556e+02
   1.6875000e+04   1.0498922e+03   8.1504582e+02
   1.6900000e+04   1.0286636e+03   8.2800090e+02
   1.6925000e+04   1.0081496e+03   8.4213528e+02
   1.6950000e+04   9.8840843e+02   8.5746235e+02
   1.6975000e+04   9.6951904e+02   8.7395654e+02
   1.7000000e+04   9.5158599e+02   8.9154378e+02
   1.7025000e+04   9.3471547e+02   9.1014694e+02
   1.7050000e+04   9.1901364e+02   9.2968892e+02
   1.7075000e+04   9.0458666e+02   9.5009259e+02
   1.7100000e+04   8.9150524e+02   9.7128186e+02
   1.7125000e+04   8.7973889e+02   9.9318350e+02
   1.7150000e+04   8.6923915e+02   1.0157248e+03
   1.7175000e+04   8.5995755e+02   1.0388330e+03
   1.7200000e+04   8.5184564e+02   1.0624355e+03
   1.7225000e+04   8.4485662e+02   1.0864592e+03
   1.7250000e+04   8.3897703e+02   1.1108277e+03
   1.7275000e+04   8.3422400e+02   1.1354611e+03
   1.7300000e+04   8.3061586e+02   1.1602792e+03
   1.7325000e+04   8.2817090e+02   1.1852020e+03
   1.7350000e+04   8.2690697e+02   1.2101499e+03
   1.7375000e+04   8.2681622e+02   1.2350676e+03
   1.7400000e+04   8.2785149e+02   1.2599370e+03
   1.7425000e+04   8.2996231e+02   1.2847432e+03
   1.7450000e+04   8.3309821e+02   1.3094714e+03
   1.7475000e+04   8.3720872e+02   1.3341065e+03
   1.7500000e+04   8.4225831e+02   1.3586241e+03
   1.7525000e+04   8.4831339e+02   1.3829341e+03
   1.7550000e+04   8.5548287e+02   1.4069188e+03
   1.7575000e+04   8.6387583e+02   1.4304607e+03
   1.7600000e+04   8.7360134e+02   1.4534421e+03
   1.7625000e+04   8.8475893e+02   1.4757492e+03
   1.7650000e+04   8.9732716e+02   1.4973146e+03
   1.7675000e+04   9.1120139e+02   1.5181028e+03
   1.7700000e+04   9.2627532e+02   1.5380791e+03
   1.7725000e+04   9.4244267e+02   1.5572089e+03
   1.7750000e+04   9.5959717e+02   1.5754572e+03
   1.7775000e+04   9.7765506e+02   1.5927718e+03
   1.7800000e+04   9.9659736e+02   1.6090492e+03
   1.7825000e+04   1.0164167e+03   1.6241768e+03
   1.7850000e+04   1.0371056e+03   1.6380421e+03
   1.7875000e+04   1.0586568e+03   1.6505326e+03
   1.7900000e+04   1.0810446e+03   1.6615643e+03
   1.7925000e+04   1.1041489e+03   1.6712010e+03
   1.7950000e+04   1.1278188e+03   1.6795546e+03
   1.7975000e+04   1.1519035e+03   1.6867369e+03
   1.8000000e+04   1.1762521e+03   1.6928597e+03
   1.8025000e+04   1.2007155e+03   1.6980334e+03
   1.8050000e+04   1.2252175e+03   1.7023019e+03
   1.8075000e+04   1.2497810e+03   1.7056192e+03
   1.8100000e+04   1.2744361e+03   1.7079326e+03
   1.8125000e+04   1.2992127e+03   1.7091897e+03
   1.8150000e+04   1.3241406e+03   1.7093378e+03
   1.8175000e+04   1.3492033e+03   1.7083259e+03
   1.8200000e+04   1.3742761e+03   1.7061062e+03
   1.8225000e+04   1.3992198e+03   1.7026315e+03
   1.8250000e+04   1.4238948e+03   1.6978544e+03
   1.8275000e+04   1.4481617e+03   1.6917277e+03
   1.8300000e+04   1.4718926e+03   1.6842179e+03
   1.8325000e+04   1.4951104e+03   1.6754694e+03
   1.8350000e+04   1.5179428e+03   1.6657509e+03
   1.8375000e+04   1.5405199e+03   1.6553338e+03
   1.8400000e+04   1.5629717e+03   1.6444891e+03
   1.8425000e+04   1.5854277e+03   1.6334886e+03
   1.8450000e+04   1.6079949e+03   1.6226226e+03
   1.8475000e+04   1.6307525e+03   1.6122049e+03
   1.8500000e+04   1.6537774e+03   1.6025509e+03
   1.8525000e+04   1.6771468e+03   1.5939762e+03
   1.8550000e+04   1.7009377e+03   1.5867960e+03
   1.8575000e+04   1.7252067e+03   1.5812799e+03
   1.8600000e+04   1.7498796e+03   1.5774066e+03
   1.8625000e+04   1.7748316e+03   1.5750416e+03
   1.8650000e+04   1.7999377e+03   1.5740501e+03
   1.8675000e+04   1.8250727e+03   1.5742974e+03
   1.8700000e+04   1.8501143e+03   1.5756606e+03
   1.8725000e+04   1.8749720e+03   1.5781680e+03
   1.8750000e+04   1.8995772e+03   1.5819507e+03
   1.8775000e+04   1.9238619e+03   1.5871420e+03
   1.8800000e+04   1.9477580e+03   1.5938751e+03
   1.8825000e+04   1.9711973e+03   1.6022831e+03
   1.8850000e+04   1.9940725e+03   1.6124614e+03
   1.8875000e+04   2.0161647e+03   1.6243967e+03
   1.8900000e+04   2.0372348e+03   1.6380562e+03
   1.8925000e+04   2.0570436e+03   1.6534073e+03
   1.8950000e+04   2.0753522e+03   1.6704173e+03
   1.8975000e+04   2.0919531e+03   1.6890310e+03
   1.9000000e+04   2.1068048e+03   1.7090766e+03
   1.9025000e+04   2.1199193e+03   1.7303439e+03
   1.9050000e+04   2.1313087e+03   1.7526229e+03
   1.9075000e+04   2.1409851e+03   1.7757038e+03
   1.9100000e+04   2.1489610e+03   1.7993776e+03
   1.9125000e+04   2.1552643e+03   1.8234853e+03
   1.9150000e+04   2.1599439e+03   1.8479355e+03
   1.9175000e+04   2.1630502e+03   1.8726417e+03
   1.9200000e+04   2.1646337e+03   1.8975176e+03
   1.9225000e+04   2.1647447e+03   1.9224765e+03
   1.9250000e+04   2.1634108e+03   1.9474277e+03
   1.9275000e+04   2.1606066e+03   1.9722702e+03
   1.9300000e+04   2.1562987e+03   1.9969019e+03
   1.9325000e+04   2.1504541e+03   2.0212202e+03
   1.9350000e+04   2.1430396e+03   2.0451231e+03
   1.9375000e+04   2.1340216e+03   2.0685023e+03
   1.9400000e+04   2.1233604e+03   2.0911696e+03
   1.9425000e+04   2.1110118e+03   2.1128778e+03
   1.9450000e+04   2.0969315e+03   2.1333783e+03
   1.9475000e+04   2.0810753e+03   2.1524224e+03
   1.9500000e+04   2.0634006e+03   2.1697634e+03
   1.9525000e+04   2.0439843e+03   2.1852752e+03
   1.9550000e+04   2.0230958e+03   2.1990266e+03
   1.9575000e+04   2.0010221e+03   2.2111041e+03
   1.9600000e+04   1.9780499e+03   2.2215941e+03
   1.9625000e+04   1.9544662e+03   2.2305830e+03
   1.9650000e+04   1.9305465e+03   2.2381623e+03
   1.9675000e+04   1.9064191e+03   2.2444882e+03
   1.9700000e+04   1.8821085e+03   2.2497628e+03
   1.9725000e+04   1.8576372e+03   2.2541889e+03
   1.9750000e+04   1.8330276e+03   2.2579695e+03
   1.9775000e+04   1.8083021e+03   2.2613066e+03
   1.9800000e+04   1.7834826e+03   2.2643212e+03
   1.9825000e+04   1.7585888e+03   2.2669800e+03
   1.9850000e+04   1.7336409e+03   2.2692324e+03
   1.9875000e+04   1.7086586e+03   2.2710279e+03
   1.9900000e+04   1.6836619e+03   2.2723161e+03
   1.9925000e+04   1.6586700e+03   2.2730517e+03
   1.9950000e+04   1.6336893e+03   2.2732833e+03
   1.9975000e+04   1.6087155e+03   2.2731379e+03
   2.0000000e+04   1.5837443e+03   2.2727451e+03
   2.0025000e+04   1.5587710e+03   2.2722346e+03
   2.0050000e+04   1.5337911e+03   2.2717358e+03
   2.0075000e+04   1.5088021e+03   2.2713336e+03
   2.0100000e+04   1.4838059e+03   2.2710204e+03
   2.0125000e+04   1.4588048e+03   2.2707767e+03
   2.0150000e+04   1.4338012e+03   2.2705832e+03
   2.0175000e+04   1.4087975e+03   2.2704204e+03
   2.0200000e+04   1.3837958e+03   2.2702694e+03
   2.0225000e+04   1.3587966e+03   2.2701192e+03
   2.0250000e+04   1.3337990e+03   2.2699656e+03
   2.0275000e+04   1.3088017e+03   2.2698048e+03
   2.0300000e+04   1.2838036e+03   2.2696328e+03
   2.0325000e+04   1.2588035e+03   2.2694458e+03
   2.0350000e+04   1.2338012e+03   2.2692429e+03
   2.0375000e+04   1.2087978e+03   2.2690296e+03
   2.0400000e+04   1.1837950e+03   2.2688124e+03
   2.0425000e+04   1.1587942e+03   2.2685975e+03
   2.0450000e+04   1.1337970e+03   2.2683913e+03
   2.0475000e+04   1.1088046e+03   2.2681987e+03
   2.0500000e+04   1.0838171e+03   2.2679972e+03
   2.0525000e+04   1.0588329e+03   2.2677406e+03
   2.0550000e+04   1.0338505e+03   2.2673820e+03
   2.0575000e+04   1.0088684e+03   2.2668744e+03
   2.0600000e+04   9.8388509e+02   2.2661709e+03
   2.0625000e+04   9.5890428e+02   2.2652088e+03
   2.0650000e+04   9.3394085e+02   2.2638927e+03
   2.0675000e+04   9.0901114e+02   2.2621224e+03
   2.0700000e+04   8.8413149e+02   2.2597981e+03
   2.0725000e+04   8.5931826e+02   2.2568197e+03
   2.0750000e+04   8.3458866e+02   2.2530884e+03
   2.0775000e+04   8.0998016e+02   2.2485307e+03
   2.0800000e+04   7.8555056e+02   2.2430989e+03
   2.0825000e+04   7.6135852e+02   2.2367461e+03
   2.0850000e+04   7.3746273e+02   2.2294257e+03
   2.0875000e+04   7.1392188e+02   2.2210909e+03
   2.0900000e+04   6.9078548e+02   2.2117161e+03
   2.0925000e+04   6.6807297e+02   2.2013449e+03
   2.0950000e+04   6.4579760e+02   2.1900354e+03
   2.0975000e+04   6.2397261e+02   2.1778454e+03
   2.1000000e+04   6.0261124e+02   2.1648331e+03
   2.1025000e+04   5.8172678e+02   2.1510561e+03
   2.1050000e+04   5.6133671e+02   2.1365606e+03
   2.1075000e+04   5.4146704e+02   2.1213683e+03
   2.1100000e+04   5.2214480e+02   2.1054983e+03
   2.1125000e+04   5.0339702e+02   2.0889696e+03
   2.1150000e+04   4.8525073e+02   2.0718011e+03
   2.1175000e+04   4.6773148e+02   2.0540122e+03
   2.1200000e+04   4.5085072e+02   2.0356254e+03
   2.1225000e+04   4.3461222e+02   2.0166652e+03
   2.1250000e+04   4.1901966e+02   1.9971557e+03
   2.1275000e+04   4.0407672e+02   1.9771214e+03
   2.1300000e+04   3.8978708e+02   1.9565867e+03
   2.1325000e+04   3.7616917e+02   1.9355725e+03
   2.1350000e+04   3.6332357e+02   1.9140823e+03
   2.1375000e+04   3.5137927e+02   1.8921129e+03
   2.1400000e+04   3.4046527e+02   1.8696614e+03
   2.1425000e+04   3.3071059e+02   1.8467248e+03
   2.1450000e+04   3.2224073e+02   1.8233013e+03
   2.1475000e+04   3.1506672e+02   1.7994266e+03
   2.1500000e+04   3.0906239e+02   1.7751812e+03
   2.1525000e+04   3.0409347e+02   1.7506485e+03
   2.1550000e+04   3.0002569e+02   1.7259118e+03
   2.1575000e+04   2.9672477e+02   1.7010544e+03
   2.1600000e+04   2.9406064e+02   1.6761549e+03
   2.1625000e+04   2.9194899e+02   1.6512427e+03
   2.1650000e+04   2.9033357e+02   1.6263166e+03
   2.1675000e+04   2.8915854e+02   1.6013750e+03
   2.1700000e+04   2.8836804e+02   1.5764164e+03
   2.1725000e+04   2.8790616e+02   1.5514392e+03
   2.1750000e+04   2.8771077e+02   1.5264443e+03
   2.1775000e+04   2.8770990e+02   1.5014365e+03
   2.1800000e+04   2.8783065e+02   1.4764209e+03
   2.1825000e+04   2.8800016e+02   1.4514026e+03
   2.1850000e+04   2.8814555e+02   1.4263866e+03
   2.1875000e+04   2.8819914e+02   1.4013779e+03
   2.1900000e+04   2.8815745e+02   1.3763769e+03
   2.1925000e+04   2.8806017e+02   1.3513815e+03
   2.1950000e+04   2.8794783e+02   1.3263895e+03
   2.1975000e+04   2.8786094e+02   1.3013986e+03
   2.2000000e+04   2.8783960e+02   1.2764066e+03
   2.2025000e+04   2.8789615e+02   1.2514121e+03
   2.2050000e+04   2.8799800e+02   1.2264149e+03
   2.2075000e+04   2.8810848e+02   1.2014149e+03
   2.2100000e+04   2.8819091e+02   1.1764122e+03
   2.2125000e+04   2.8820861e+02   1.1514067e+03
   2.2150000e+04   2.8812872e+02   1.1263985e+03
   2.2175000e+04   2.8796583e+02   1.1013900e+03
   2.2200000e+04   2.8776655e+02   1.0763849e+03
   2.2225000e+04   2.8757812e+02   1.0513870e+03
   2.2250000e+04   2.8744776e+02   1.0264003e+03
   2.2275000e+04   2.8742257e+02   1.0014284e+03
   2.2300000e+04   2.8754094e+02   9.7647025e+02
   2.2325000e+04   2.8782705e+02   9.5151718e+02
   2.2350000e+04   2.8830380e+02   9.2655966e+02
   2.2375000e+04   2.8899406e+02   9.0158823e+02
   2.2400000e+04   2.8992074e+02   8.7659340e+02
   2.2425000e+04   2.9111331e+02   8.5156846e+02
   2.2450000e+04   2.9268923e+02   8.2654372e+02
   2.2475000e+04   2.9482833e+02   8.0157571e+02
   2.2500000e+04   2.9771179e+02   7.7672155e+02
   2.2525000e+04   3.0152080e+02   7.5203835e+02
   2.2550000e+04   3.0643586e+02   7.2758317e+02
   2.2575000e+04   3.1256515e+02   7.0340801e+02
   2.2600000e+04   3.1988068e+02   6.7955532e+02
   2.2625000e+04   3.2833937e+02   6.5606650e+02
   2.2650000e+04   3.3789818e+02   6.3298294e+02
   2.2675000e+04   3.4851402e+02   6.1034606e+02
   2.2700000e+04   3.6014348e+02   5.8819682e+02
   2.2725000e+04   3.7273631e+02   5.6656848e+02
   2.2750000e+04   3.8623630e+02   5.4548749e+02
   2.2775000e+04   4.0058707e+02   5.2498012e+02
   2.2800000e+04   4.1573220e+02   5.0507259e+02
   2.2825000e+04   4.3161533e+02   4.8579110e+02
   2.2850000e+04   4.4818572e+02   4.6714811e+02
   2.2875000e+04   4.6540547e+02   4.4912505e+02
   2.2900000e+04   4.8323843e+02   4.3169907e+02
   2.2925000e+04   5.0164843e+02   4.1484731e+02
   2.2950000e+04   5.2059934e+02   3.9854694e+02
   2.2975000e+04   5.4005649e+02   3.8277921e+02
   2.3000000e+04   5.6001562e+02   3.6760894e+02
   2.3025000e+04   5.8050069e+02   3.5317856e+02
   2.3050000e+04   6.0153675e+02   3.3963346e+02
   2.3075000e+04   6.2314882e+02   3.2711903e+02
   2.3100000e+04   6.4536175e+02   3.1578026e+02
   2.3125000e+04   6.6816829e+02   3.0570466e+02
   2.3150000e+04   6.9149533e+02   2.9686148e+02
   2.3175000e+04   7.1526165e+02   2.8920542e+02
   2.3200000e+04   7.3938602e+02   2.8269121e+02
   2.3225000e+04   7.6378722e+02   2.7727355e+02
   2.3250000e+04   7.8838611e+02   2.7290174e+02
   2.3275000e+04   8.1312868e+02   2.6946009e+02
   2.3300000e+04   8.3797754e+02   2.6678994e+02
   2.3325000e+04   8.6289561e+02   2.6473182e+02
   2.3350000e+04   8.8784578e+02   2.6312631e+02
   2.3375000e+04   9.1279164e+02   2.6181630e+02
   2.3400000e+04   9.3771750e+02   2.6071828e+02
   2.3425000e+04   9.6263205e+02   2.5983505e+02
   2.3450000e+04   9.8754537e+02   2.5917438e+02
   2.3475000e+04   1.0124675e+03   2.5874399e+02
   2.3500000e+04   1.0374086e+03   2.5855164e+02
   2.3525000e+04   1.0623767e+03   2.5859642e+02
   2.3550000e+04   1.0873684e+03   2.5882659e+02
   2.3575000e+04   1.1123759e+03   2.5917190e+02
   2.3600000e+04   1.1373917e+03   2.5956211e+02
   2.3625000e+04   1.1624080e+03   2.5992695e+02
   2.3650000e+04   1.1874176e+03   2.6019970e+02
   2.3675000e+04   1.2124186e+03   2.6036892e+02
   2.3700000e+04   1.2374137e+03   2.6046691e+02
   2.3725000e+04   1.2624056e+03   2.6052716e+02
   2.3750000e+04   1.2873971e+03   2.6058318e+02
   2.3775000e+04   1.3123911e+03   2.6066847e+02
   2.3800000e+04   1.3373894e+03   2.6080954e+02
   2.3825000e+04   1.3623915e+03   2.6100171e+02
   2.3850000e+04   1.3873958e+03   2.6123155e+02
   2.3875000e+04   1.4124006e+03   2.6148563e+02
   2.3900000e+04   1.4374043e+03   2.6175054e+02
   2.3925000e+04   1.4624057e+03   2.6201306e+02
   2.3950000e+04   1.4874047e+03   2.6226254e+02
   2.3975000e+04   1.5124023e+03   2.6248994e+02
   2.4000000e+04   1.5373996e+03   2.6268627e+02
   2.4025000e+04   1.5623976e+03   2.6284251e+02
   2.4050000e+04   1.5873974e+03   2.6294966e+02
   2.4075000e+04   1.6123993e+03   2.6300729e+02
   2.4100000e+04   1.6374015e+03   2.6304627e+02
   2.4125000e+04   1.6624015e+03   2.6310471e+02
   2.4150000e+04   1.6873970e+03   2.6322067e+02
   2.4175000e+04   1.7123854e+03   2.6343223e+02
   2.4200000e+04   1.7373649e+03   2.6377062e+02
   2.4225000e+04   1.7623379e+03   2.6420133e+02
   2.4250000e+04   1.7873096e+03   2.6465325e+02
   2.4275000e+04   1.8122852e+03   2.6505488e+02
   2.4300000e+04   1.8372696e+03   2.6533470e+02
   2.4325000e+04   1.8622681e+03   2.6542124e+02
   2.4350000e+04   1.8872830e+03   2.6528137e+02
   2.4375000e+04   1.9123074e+03   2.6500785e+02
   2.4400000e+04   1.9373325e+03   2.6471915e+02
   2.4425000e+04   1.9623495e+03   2.6453374e+02
   2.4450000e+04   1.9873498e+03   2.6457010e+02
   2.4475000e+04   2.0123255e+03   2.6493966e+02
   2.4500000e+04   2.0372755e+03   2.6570074e+02
   2.4525000e+04   2.0622021e+03   2.6688751e+02
   2.4550000e+04   2.0871075e+03   2.6853402e+02
   2.4575000e+04   2.1119937e+03   2.7067432e+02
   2.4600000e+04   2.1368629e+03   2.7334267e+02
   2.4625000e+04   2.1616930e+03   2.7660600e+02
   2.4650000e+04   2.1864120e+03   2.8059915e+02
   2.4675000e+04   2.2109419e+03   2.8546545e+02
   2.4700000e+04   2.2352045e+03   2.9134822e+02
   2.4725000e+04   2.2591215e+03   2.9839076e+02
   2.4750000e+04   2.2826301e+03   3.0668626e+02
   2.4775000e+04   2.3057227e+03   3.1614780e+02
   2.4800000e+04   2.3284040e+03   3.2664805e+02
   2.4825000e+04   2.3506785e+03   3.3805971e+02
   2.4850000e+04   2.3725510e+03   3.5025544e+02
   2.4875000e+04   2.3940260e+03   3.6311050e+02
   2.4900000e+04   2.4151077e+03   3.7655220e+02
   2.4925000e+04   2.4357994e+03   3.9055627e+02
   2.4950000e+04   2.4561045e+03   4.0510024e+02
   2.4975000e+04   2.4760265e+03   4.2016167e+02
   2.5000000e+04   2.4955690e+03   4.3571785e+02
   2.5025000e+04   2.5147486e+03   4.5173233e+02
   2.5050000e+04   2.5336010e+03   4.6814814e+02
   2.5075000e+04   2.5521638e+03   4.8490668e+02
   2.5100000e+04   2.5704743e+03   5.0194931e+02
   2.5125000e+04   2.5885700e+03   5.1921740e+02
   2.5150000e+04   2.6064821e+03   5.3666043e+02
   2.5175000e+04   2.6242020e+03   5.5428142e+02
   2.5200000e+04   2.6417047e+03   5.7210515e+02
   2.5225000e+04   2.6589652e+03   5.9015648e+02
   2.5250000e+04   2.6759585e+03   6.0846027e+02
   2.5275000e+04   2.6926592e+03   6.2704076e+02
   2.5300000e+04   2.7090368e+03   6.4591440e+02
   2.5325000e+04   2.7250573e+03   6.6509209e+02
   2.5350000e+04   2.7406864e+03   6.8458461e+02
   2.5375000e+04   2.7558900e+03   7.0440278e+02
   2.5400000e+04   2.7706340e+03   7.2455737e+02
   2.5425000e+04   2.7848955e+03   7.4505179e+02
   2.5450000e+04   2.7986838e+03   7.6586817e+02
   2.5475000e+04   2.8120139e+03   7.8698487e+02
   2.5500000e+04   2.8249012e+03   8.0838021e+02
   2.5525000e+04   2.8373606e+03   8.3003253e+02
   2.5550000e+04   2.8494118e+03   8.5191843e+02
   2.5575000e+04   2.8610981e+03   8.7400581e+02
   2.5600000e+04   2.8724699e+03   8.9625984e+02
   2.5625000e+04   2.8835774e+03   9.1864569e+02
   2.5650000e+04   2.8944712e+03   9.4112850e+02
   2.5675000e+04   2.9052015e+03   9.6367379e+02
   2.5700000e+04   2.9158172e+03   9.8625852e+02
   2.5725000e+04   2.9263647e+03   1.0088740e+03
   2.5750000e+04   2.9368904e+03   1.0315124e+03
   2.5775000e+04   2.9474409e+03   1.0541659e+03
   2.5800000e+04   2.9580624e+03   1.0768267e+03
   2.5825000e+04   2.9687778e+03   1.0994856e+03
   2.5850000e+04   2.9795613e+03   1.1221301e+03
   2.5875000e+04   2.9903812e+03   1.1447475e+03
   2.5900000e+04   3.0012057e+03   1.1673252e+03
   2.5925000e+04   3.0120031e+03   1.1898503e+03
   2.5950000e+04   3.0227512e+03   1.2123104e+03
   2.5975000e+04   3.0335292e+03   1.2346947e+03
   2.6000000e+04   3.0444750e+03   1.2569935e+03
   2.6025000e+04   3.0557277e+03   1.2791972e+03
   2.6050000e+04   3.0674262e+03   1.3012961e+03
   2.6075000e+04   3.0797112e+03   1.3232721e+03
   2.6100000e+04   3.0927642e+03   1.3449243e+03
   2.6125000e+04   3.1068060e+03   1.3658728e+03
   2.6150000e+04   3.1220592e+03   1.3857303e+03
   2.6175000e+04   3.1387464e+03   1.4041096e+03
   2.6200000e+04   3.1570901e+03   1.4206234e+03
   2.6225000e+04   3.1772191e+03   1.4349773e+03
   2.6250000e+04   3.1988825e+03   1.4472515e+03
   2.6275000e+04   3.2217332e+03   1.4576215e+03
   2.6300000e+04   3.2454244e+03   1.4662626e+03
   2.6325000e+04   3.2696090e+03   1.4733501e+03
   2.6350000e+04   3.2939724e+03   1.4790627e+03
   2.6375000e+04   3.3184290e+03   1.4836021e+03
   2.6400000e+04   3.3429913e+03   1.4871801e+03
   2.6425000e+04   3.3676725e+03   1.4900084e+03
   2.6450000e+04   3.3924856e+03   1.4922989e+03
   2.6475000e+04   3.4174432e+03   1.4942621e+03
   2.6500000e+04   3.4425276e+03   1.4960374e+03
   2.6525000e+04   3.4676730e+03   1.4976503e+03
   2.6550000e+04   3.4928089e+03   1.4991161e+03
   2.6575000e+04   3.5178653e+03   1.5004502e+03
   2.6600000e+04   3.5427720e+03   1.5016677e+03
   2.6625000e+04   3.5675052e+03   1.5027841e+03
   2.6650000e+04   3.5921512e+03   1.5038150e+03
   2.6675000e+04   3.6168118e+03   1.5047761e+03
   2.6700000e+04   3.6415892e+03   1.5056828e+03
   2.6725000e+04   3.6665853e+03   1.5065508e+03
   2.6750000e+04   3.6918935e+03   1.5073928e+03
   2.6775000e+04   3.7174938e+03   1.5081828e+03
   2.6800000e+04   3.7432868e+03   1.5088679e+03
   2.6825000e+04   3.7691716e+03   1.5093946e+03
   2.6850000e+04   3.7950472e+03   1.5097096e+03
   2.6875000e+04   3.8208134e+03   1.5097600e+03
   2.6900000e+04   3.8464103e+03   1.5095305e+03
   2.6925000e+04   3.8718379e+03   1.5090611e+03
   2.6950000e+04   3.8971007e+03   1.5083965e+03
   2.6975000e+04   3.9222035e+03   1.5075812e+03
   2.7000000e+04   3.9471509e+03   1.5066597e+03
   2.7025000e+04   3.9719488e+03   1.5056737e+03
   2.7050000e+04   3.9966166e+03   1.5046319e+03
   2.7075000e+04   4.0211825e+03   1.5035217e+03
   2.7100000e+04   4.0456749e+03   1.5023301e+03
   2.7125000e+04   4.0701221e+03   1.5010442e+03
   2.7150000e+04   4.0945526e+03   1.4996510e+03
   2.7175000e+04   4.1189948e+03   1.4981374e+03
   2.7200000e+04   4.1434769e+03   1.4964906e+03
   2.7225000e+04   4.1680275e+03   1.4946976e+03
   2.7250000e+04   4.1926747e+03   1.4927454e+03
   2.7275000e+04   4.2174471e+03   1.4906210e+03
