0.00,0.00,0.00,0.00,11.92,0.00,-810.00,-810.00,0.00,-25.92,0.00,0.00
0.04,2.49,2.49,3.02,0.03,0.00,-1.74,-2.38,0.27,-0.08,0.20,0.00
0.07,2.51,2.49,3.01,0.02,0.00,2.06,-1.64,2.26,-0.05,0.00,0.00
0.11,2.56,2.49,3.01,0.02,0.00,19.48,-1.64,10.00,-0.05,0.00,0.00
0.14,2.57,2.51,3.01,-0.04,0.00,21.48,2.80,6.68,0.09,0.00,0.00
0.18,2.55,2.52,3.01,-0.09,0.00,16.52,5.86,1.82,0.19,0.00,0.00
0.21,2.54,2.53,3.01,-0.13,0.00,12.51,8.82,0.42,0.28,0.00,0.00
0.25,2.54,2.53,3.01,-0.16,0.00,13.88,10.72,0.30,0.34,0.00,0.00
0.28,2.53,2.53,3.01,-0.16,0.00,10.82,10.72,0.01,0.34,0.00,0.00
0.32,2.54,2.54,3.01,-0.17,0.00,12.19,11.77,0.04,0.38,0.00,0.00
0.35,2.52,2.52,3.01,-0.11,0.00,6.81,7.34,-0.07,0.23,0.00,0.00
0.39,2.52,2.52,3.01,-0.09,0.00,5.54,5.86,-0.05,0.19,0.00,0.00
0.43,2.51,2.51,3.01,-0.06,0.00,4.59,4.06,0.13,0.13,0.00,0.00
0.46,2.52,2.51,3.01,-0.07,0.00,5.75,4.80,0.20,0.15,0.00,0.00
0.50,2.51,2.52,3.01,-0.08,0.00,4.80,5.23,-0.08,0.17,0.00,0.00
0.53,2.51,2.52,3.01,-0.08,0.00,4.38,5.12,-0.14,0.16,0.00,0.00
0.57,2.51,2.51,3.01,-0.05,0.00,4.17,3.33,0.25,0.11,0.00,0.00
0.60,2.52,2.52,3.01,-0.08,0.00,5.01,5.33,-0.06,0.17,0.00,0.00
0.64,2.51,2.51,3.01,-0.06,0.00,4.17,3.96,0.05,0.13,0.00,0.00
0.67,2.52,2.52,3.01,-0.07,0.00,5.23,5.01,0.04,0.16,0.00,0.00
0.71,2.51,2.51,3.01,-0.05,0.00,4.59,3.22,0.43,0.10,0.00,0.00
0.75,2.52,2.51,3.01,-0.07,0.00,5.44,4.70,0.16,0.15,0.00,0.00
0.78,2.52,2.51,3.01,-0.06,0.00,5.23,4.06,0.29,0.13,0.00,0.00
0.82,2.52,2.51,3.01,-0.07,0.00,5.33,4.59,0.16,0.15,0.00,0.00
0.85,2.52,2.52,3.01,-0.08,0.00,6.28,5.33,0.18,0.17,0.00,0.00
0.89,2.52,2.52,3.01,-0.07,0.00,5.12,4.91,0.04,0.16,0.00,0.00
0.92,2.51,2.52,3.01,-0.08,0.00,4.49,5.54,-0.19,0.18,0.00,0.00
0.96,2.51,2.51,3.01,-0.07,0.00,4.17,4.59,-0.09,0.15,0.00,0.00
0.99,2.51,2.52,3.02,-0.08,0.00,4.59,5.23,-0.12,0.17,0.00,0.00
1.03,2.52,2.51,3.01,12.00,0.00,5.44,3.96,0.37,0.13,0.00,20.00
1.06,2.50,2.50,3.01,12.00,0.00,1.11,0.48,1.33,0.02,0.20,20.00
1.10,2.57,2.51,3.01,12.00,0.00,22.33,4.49,3.98,0.14,0.20,20.00
1.14,2.74,2.51,3.01,12.00,0.00,77.12,4.59,10.00,0.15,0.20,20.00
1.17,2.92,2.53,3.01,12.00,0.00,135.08,9.98,10.00,0.32,0.20,20.00
1.21,3.11,2.53,3.01,12.00,0.00,196.52,10.08,10.00,0.32,0.20,20.00
1.24,3.28,2.55,3.01,12.00,0.00,252.79,16.63,10.00,0.53,0.20,20.00
1.28,3.44,2.55,3.01,12.00,0.00,303.04,17.16,10.00,0.55,0.20,20.00
1.32,3.59,2.57,3.02,12.00,0.00,352.56,22.75,10.00,0.73,0.20,20.00
1.35,3.71,2.57,3.01,12.00,0.00,390.99,23.17,10.00,0.74,0.20,20.00
1.39,3.81,2.57,3.01,12.00,0.00,424.66,23.91,10.00,0.77,0.20,20.00
1.42,3.92,2.59,3.01,12.00,0.00,459.61,29.30,10.00,0.94,0.20,20.00
1.46,4.02,2.59,3.01,12.00,0.00,491.49,29.51,10.00,0.94,0.20,20.00
1.50,4.10,2.61,3.01,12.00,0.00,519.04,35.63,10.00,1.14,0.20,20.00
1.53,4.18,2.61,3.01,12.00,0.00,544.38,36.79,10.00,1.18,0.20,20.00
1.57,4.25,2.63,3.01,12.00,0.00,566.87,41.54,10.00,1.33,0.20,20.00
1.60,4.31,2.64,3.00,12.00,0.00,586.50,44.08,10.00,1.41,0.20,20.00
1.64,4.36,2.65,3.01,12.00,0.00,604.24,47.98,10.00,1.54,0.20,20.00
1.68,4.41,2.65,3.01,12.00,0.00,619.23,49.57,10.00,1.59,0.20,20.00
1.71,4.47,2.67,3.01,12.00,0.00,637.71,56.22,10.00,1.80,0.20,20.00
1.75,4.51,2.67,3.01,12.00,0.00,652.49,55.37,10.00,1.77,0.20,20.00
1.78,4.54,2.68,3.01,12.00,0.00,659.56,57.17,10.00,1.83,0.20,20.00
1.82,4.58,2.69,3.01,12.00,0.00,672.44,61.18,9.99,1.96,0.20,20.00
1.85,4.61,2.70,3.01,12.00,0.00,684.48,63.92,9.71,2.05,0.20,20.00
1.89,4.63,2.71,3.01,12.00,0.00,691.34,67.83,9.19,2.17,0.20,20.00
1.93,4.66,2.71,3.02,12.00,0.00,699.04,69.52,9.06,2.22,0.20,20.00
1.96,4.68,2.73,3.01,12.00,0.00,705.27,73.74,8.56,2.36,0.20,20.00
2.00,4.70,2.74,3.01,12.00,0.00,711.61,76.28,8.33,2.44,0.20,20.00
2.03,4.72,2.75,3.01,12.00,0.00,717.84,80.82,7.88,2.59,0.20,20.00
2.07,4.74,2.75,3.01,12.00,0.00,724.17,81.03,7.94,2.59,0.20,20.00
2.11,4.75,2.77,3.01,12.00,0.00,730.29,88.73,7.23,2.84,0.20,20.00
2.14,4.76,2.78,3.01,12.00,0.00,731.67,89.37,7.19,2.86,0.20,20.00
2.18,4.78,2.79,3.02,12.00,0.00,738.11,94.12,6.84,3.01,0.20,20.00
2.21,4.79,2.79,3.01,12.00,0.00,743.07,94.22,6.89,3.02,0.20,20.00
2.25,4.80,2.79,3.01,12.00,0.00,744.23,94.65,6.86,3.03,0.20,20.00
2.29,4.81,2.81,3.01,12.00,0.00,750.04,100.77,6.44,3.22,0.20,20.00
2.32,4.82,2.82,3.01,12.00,0.00,750.56,102.77,6.30,3.29,0.20,20.00
2.36,4.82,2.83,3.01,12.00,0.00,752.15,107.63,5.99,3.44,0.20,20.00
2.39,4.83,2.84,3.01,12.00,0.00,756.05,108.69,5.96,3.48,0.20,20.00
2.43,4.84,2.85,3.01,12.00,0.00,757.43,113.54,5.67,3.63,0.20,20.00
2.46,4.84,2.85,3.01,12.00,0.00,757.43,114.18,5.63,3.65,0.20,20.00
2.50,4.84,2.87,3.01,12.00,0.00,757.95,118.93,5.37,3.81,0.20,20.00
2.54,4.85,2.88,3.01,12.00,0.00,762.81,122.20,5.24,3.91,0.20,20.00
2.57,4.86,2.89,3.01,12.00,0.00,763.76,125.79,5.07,4.03,0.20,20.00
2.61,4.86,2.89,3.01,12.00,0.00,763.76,127.79,4.98,4.09,0.20,20.00
2.64,4.86,2.91,3.01,12.00,0.00,763.65,131.28,4.82,4.20,0.20,20.00
2.68,4.86,2.91,3.01,12.00,0.00,763.87,133.60,4.72,4.28,0.20,20.00
2.72,4.86,2.91,3.01,12.00,0.00,763.55,133.92,4.70,4.29,0.20,20.00
2.75,4.87,2.93,3.01,12.00,0.00,769.04,138.04,4.57,4.42,0.20,20.00
2.79,4.88,2.93,3.01,12.00,0.00,769.78,139.41,4.52,4.46,0.20,20.00
2.82,4.88,2.95,3.01,12.00,0.00,770.52,144.90,4.32,4.64,0.20,20.00
2.86,4.88,2.95,3.02,12.00,0.00,770.31,145.95,4.28,4.67,0.20,20.00
2.90,4.88,2.97,3.01,12.00,0.00,770.52,152.18,4.06,4.87,0.20,20.00
2.93,4.88,2.97,3.01,12.00,0.00,770.09,152.92,4.04,4.89,0.20,20.00
2.97,4.88,2.99,3.02,12.00,0.00,770.62,158.31,3.87,5.07,0.20,20.00
3.00,4.88,2.99,3.01,12.00,0.00,770.52,159.04,3.84,5.09,0.20,20.00
3.04,4.88,3.01,3.01,12.00,0.00,770.52,164.53,3.68,5.27,0.20,20.00
3.08,4.88,3.01,3.01,12.00,0.00,770.31,166.22,3.63,5.32,0.20,20.00
3.11,4.88,3.02,3.01,12.00,0.00,770.31,169.28,3.55,5.42,0.20,20.00
3.15,4.88,3.03,3.01,12.00,0.00,769.99,172.66,3.46,5.53,0.20,20.00
3.18,4.88,3.05,3.01,12.00,0.00,770.09,177.20,3.35,5.67,0.20,20.00
3.22,4.88,3.05,3.01,12.00,0.00,770.20,179.31,3.30,5.74,0.20,20.00
3.25,4.88,3.05,3.01,12.00,0.00,770.41,178.36,3.32,5.71,0.20,20.00
3.29,4.88,3.07,3.01,12.00,0.00,770.20,183.64,3.19,5.88,0.20,20.00
3.33,4.88,3.07,3.01,12.00,0.00,769.99,184.91,3.16,5.92,0.20,20.00
3.36,4.88,3.08,3.01,12.00,0.00,770.52,188.60,3.09,6.04,0.20,20.00
3.40,4.88,3.09,3.01,12.00,0.00,770.41,192.09,3.01,6.15,0.20,20.00
3.43,4.88,3.10,3.01,12.00,0.00,770.09,195.15,2.95,6.24,0.20,20.00
3.47,4.89,3.11,3.01,12.00,0.00,773.58,198.00,2.91,6.34,0.20,20.00
3.51,4.90,3.13,3.01,12.00,0.00,776.43,202.54,2.83,6.48,0.20,20.00
3.54,4.90,3.13,3.01,12.00,0.00,776.85,203.49,2.82,6.51,0.20,20.00
3.58,4.90,3.14,3.01,12.00,0.00,776.64,208.03,2.73,6.66,0.20,20.00
3.61,4.90,3.15,3.01,12.00,0.00,777.27,209.51,2.71,6.70,0.20,20.00
3.65,4.90,3.16,3.01,12.00,0.00,776.96,214.68,2.62,6.87,0.20,20.00
3.69,4.90,3.17,3.01,12.00,0.00,776.96,216.79,2.58,6.94,0.20,20.00
3.72,4.90,3.18,3.01,12.00,0.00,776.96,219.22,2.54,7.02,0.20,20.00
3.76,4.90,3.19,3.01,12.00,0.00,776.64,223.55,2.47,7.15,0.20,20.00
3.80,4.90,3.20,3.01,12.00,0.00,776.64,225.87,2.44,7.23,0.20,20.00
3.83,4.90,3.21,3.02,12.00,0.00,776.85,229.25,2.39,7.34,0.20,20.00
3.87,4.90,3.22,3.01,12.00,0.00,777.06,231.89,2.35,7.42,0.20,20.00
3.90,4.90,3.23,3.01,12.00,0.00,776.74,236.43,2.29,7.57,0.20,20.00
3.94,4.90,3.23,3.01,12.00,0.00,776.64,236.85,2.28,7.58,0.20,20.00
3.97,4.90,3.23,3.01,12.00,0.00,776.74,236.64,2.28,7.57,0.20,20.00
4.01,4.90,3.25,3.01,12.00,0.00,776.74,242.97,2.20,7.78,0.20,20.00
4.05,4.90,3.25,3.01,12.00,0.00,776.64,243.08,2.20,7.78,0.20,20.00
4.08,4.90,3.27,3.01,12.00,0.00,776.74,248.99,2.12,7.97,0.20,20.00
4.12,4.90,3.27,3.01,12.00,0.00,776.43,249.84,2.11,7.99,0.20,20.00
4.15,4.90,3.28,3.01,12.00,0.00,776.85,253.95,2.06,8.13,0.20,20.00
4.19,4.90,3.29,3.01,12.00,0.00,776.32,256.38,2.03,8.20,0.20,20.00
4.23,4.90,3.30,3.01,12.00,0.00,776.85,260.18,1.99,8.33,0.20,20.00
4.26,4.90,3.31,3.01,12.00,0.00,776.85,262.72,1.96,8.41,0.20,20.00
4.30,4.90,3.32,3.01,12.00,0.00,776.96,267.26,1.91,8.55,0.20,20.00
4.33,4.90,3.33,3.01,12.00,0.00,776.85,267.99,1.90,8.58,0.20,20.00
4.37,4.90,3.34,3.01,12.00,0.00,777.06,273.70,1.84,8.76,0.20,20.00
4.41,4.90,3.35,3.01,12.00,0.00,776.74,274.22,1.83,8.78,0.20,20.00
4.44,4.90,3.36,3.01,12.00,0.00,776.96,279.40,1.78,8.94,0.20,20.00
4.48,4.90,3.37,3.01,12.00,0.00,776.64,281.51,1.76,9.01,0.20,20.00
4.51,4.90,3.38,3.01,12.00,0.00,776.64,286.05,1.72,9.15,0.20,20.00
4.55,4.90,3.39,3.01,12.00,0.00,777.17,287.95,1.70,9.21,0.20,20.00
4.59,4.90,3.40,3.01,12.00,0.00,776.85,291.22,1.67,9.32,0.20,20.00
4.62,4.90,3.40,3.01,12.00,0.00,777.17,293.12,1.65,9.38,0.20,20.00
4.66,4.90,3.42,3.01,12.00,0.00,776.96,296.60,1.62,9.49,0.20,20.00
4.69,4.90,3.43,3.02,12.00,0.00,776.85,299.88,1.59,9.60,0.20,20.00
4.73,4.90,3.43,3.01,12.00,0.00,776.74,300.51,1.58,9.62,0.20,20.00
4.77,4.90,3.44,3.01,12.00,0.00,776.53,306.00,1.54,9.79,0.20,20.00
4.80,4.90,3.45,3.01,12.00,0.00,776.64,307.58,1.52,9.84,0.20,20.00
4.84,4.90,3.47,3.02,12.00,0.00,776.74,313.18,1.48,10.02,0.20,20.00
4.88,4.90,3.47,3.01,12.00,0.00,776.85,313.28,1.48,10.03,0.20,20.00
4.91,4.90,3.48,3.02,12.00,0.00,777.06,318.88,1.44,10.20,0.20,20.00
4.95,4.90,3.48,3.01,12.00,0.00,777.06,319.09,1.44,10.21,0.20,20.00
4.98,4.90,3.50,3.01,12.00,0.00,776.64,324.26,1.40,10.38,0.20,20.00
5.02,4.90,3.51,3.01,12.00,0.00,776.96,327.22,1.37,10.47,0.20,20.00
5.06,4.90,3.52,3.01,12.00,0.00,776.32,330.81,1.35,10.59,0.20,20.00
5.09,4.90,3.53,3.01,12.00,0.00,776.85,333.34,1.33,10.67,0.20,20.00
5.13,4.90,3.53,3.01,12.00,0.00,776.74,332.60,1.34,10.64,0.20,20.00
5.16,4.90,3.54,3.02,12.00,0.00,776.74,337.46,1.30,10.80,0.20,20.00
5.20,4.90,3.55,3.01,12.00,0.00,776.64,339.47,1.29,10.86,0.20,20.00
5.24,4.90,3.56,3.01,12.00,0.00,776.85,343.58,1.26,10.99,0.20,20.00
5.27,4.90,3.57,3.01,12.00,0.00,777.06,346.22,1.24,11.08,0.20,20.00
5.31,4.90,3.58,3.02,12.00,0.00,776.96,350.97,1.21,11.23,0.20,20.00
5.34,4.90,3.59,3.01,12.00,0.00,777.06,352.77,1.20,11.29,0.20,20.00
5.38,4.90,3.60,3.01,12.00,0.00,776.85,357.31,1.17,11.43,0.20,20.00
5.42,4.90,3.60,3.01,12.00,0.00,776.85,357.94,1.17,11.45,0.20,20.00
5.45,4.90,3.62,3.01,12.00,0.00,776.43,363.75,1.13,11.64,0.20,20.00
5.49,4.90,3.63,3.01,12.00,0.00,776.96,364.70,1.13,11.67,0.20,20.00
5.52,4.90,3.63,3.01,12.00,0.00,776.64,364.91,1.13,11.68,0.20,20.00
5.56,4.90,3.64,3.01,12.00,0.00,776.85,370.61,1.10,11.86,0.20,20.00
5.60,4.90,3.65,3.01,12.00,0.00,776.64,371.98,1.09,11.90,0.20,20.00
5.63,4.90,3.66,3.01,12.00,0.00,776.74,377.16,1.06,12.07,0.20,20.00
5.67,4.90,3.67,3.01,12.00,0.00,776.74,378.53,1.05,12.11,0.20,20.00
5.71,4.90,3.68,3.01,12.00,0.00,776.96,382.65,1.03,12.24,0.20,20.00
5.74,4.90,3.69,3.01,12.00,0.00,776.74,386.13,1.01,12.36,0.20,20.00
5.78,4.90,3.70,3.01,12.00,0.00,776.96,388.98,1.00,12.45,0.20,20.00
5.81,4.90,3.71,3.01,12.00,0.00,776.74,391.62,0.98,12.53,0.20,20.00
5.85,4.90,3.72,3.01,12.00,0.00,776.64,395.63,0.96,12.66,0.20,20.00
5.88,4.90,3.72,3.01,12.00,0.00,776.53,396.90,0.96,12.70,0.20,20.00
5.92,4.90,3.74,3.01,12.00,0.00,776.96,402.70,0.93,12.89,0.20,20.00
5.96,4.90,3.75,3.01,12.00,0.00,776.74,403.44,0.93,12.91,0.20,20.00
5.99,4.90,3.76,3.02,12.00,0.00,776.64,408.09,0.90,13.06,0.20,20.00
6.03,4.90,3.76,3.01,12.00,0.00,776.96,409.78,0.90,13.11,0.20,20.00
6.06,4.90,3.78,3.02,12.00,0.00,776.64,413.47,0.88,13.23,0.20,20.00
6.10,4.90,3.79,3.01,12.00,0.00,776.85,416.43,0.87,13.33,0.20,20.00
6.14,4.90,3.80,3.01,12.00,0.00,776.64,419.70,0.85,13.43,0.20,20.00
6.17,4.90,3.80,3.01,12.00,0.00,776.85,422.23,0.84,13.51,0.20,20.00
6.21,4.90,3.81,3.01,12.00,0.00,776.53,424.45,0.83,13.58,0.20,20.00
6.25,4.90,3.82,3.01,12.00,0.00,776.74,428.15,0.81,13.70,0.20,20.00
6.28,4.88,3.83,3.01,12.00,0.00,771.47,430.36,0.79,13.77,0.20,20.00
6.32,4.88,3.84,3.01,12.00,0.00,770.73,434.06,0.78,13.89,0.20,20.00
6.35,4.88,3.84,3.01,11.99,0.00,770.41,435.54,0.77,13.94,0.20,20.00
6.39,4.88,3.86,3.01,11.90,0.00,770.09,441.34,0.74,14.12,0.20,20.00
6.43,4.88,3.86,3.01,11.89,0.00,770.09,441.98,0.74,14.14,0.20,20.00
6.46,4.88,3.88,3.02,11.83,0.00,770.83,446.41,0.73,14.29,0.20,20.00
6.50,4.88,3.88,3.01,11.79,0.00,770.31,448.73,0.72,14.36,0.20,20.00
6.53,4.88,3.89,3.01,11.77,0.00,770.62,450.63,0.71,14.42,0.20,20.00
6.57,4.88,3.91,3.01,11.70,0.00,770.09,455.28,0.69,14.57,0.20,20.00
6.61,4.88,3.91,3.01,11.69,0.00,769.99,455.91,0.69,14.59,0.20,20.00
6.64,4.88,3.92,3.01,11.61,0.00,770.41,461.09,0.67,14.75,0.20,20.00
6.68,4.88,3.94,3.01,11.51,0.00,770.20,468.16,0.65,14.98,0.20,20.00
6.71,4.86,3.95,3.01,11.50,0.00,766.19,468.58,0.64,14.99,0.20,20.00
6.75,4.86,3.96,3.02,11.44,0.00,764.71,472.59,0.62,15.12,0.20,20.00
6.79,4.85,3.96,3.01,11.42,0.00,760.49,473.86,0.60,15.16,0.20,20.00
6.82,4.84,3.98,3.02,11.34,0.00,757.95,479.35,0.58,15.34,0.20,20.00
6.86,4.84,3.98,3.01,11.33,0.00,757.53,480.30,0.58,15.37,0.20,20.00
6.89,4.83,3.99,3.01,11.28,0.00,755.42,483.57,0.56,15.47,0.20,20.00
6.93,4.82,4.00,3.01,11.23,0.00,751.72,486.84,0.54,15.58,0.20,20.00
6.97,4.82,4.01,3.01,11.22,0.00,751.41,487.79,0.54,15.61,0.20,20.00
7.00,4.80,4.02,3.01,11.16,0.00,745.60,491.91,0.52,15.74,0.20,20.00
7.04,4.80,4.03,3.01,11.12,0.00,744.97,494.45,0.51,15.82,0.20,20.00
7.07,4.78,4.04,3.01,11.05,0.00,739.79,499.09,0.48,15.97,0.20,20.00
7.11,4.78,4.06,3.02,10.98,0.00,739.06,504.37,0.47,16.14,0.20,20.00
7.15,4.77,4.06,3.02,10.94,0.00,734.62,506.59,0.45,16.21,0.20,20.00
7.18,4.76,4.08,3.01,10.89,0.00,732.62,510.49,0.44,16.34,0.20,20.00
7.22,4.75,4.08,3.02,10.85,0.00,728.50,512.71,0.42,16.41,0.20,20.00
7.26,4.74,4.09,3.01,10.80,0.00,726.70,516.40,0.41,16.52,0.20,20.00
7.29,4.74,4.10,3.01,10.77,0.00,725.96,518.52,0.40,16.59,0.20,20.00
7.33,4.73,4.11,3.01,10.71,0.00,724.06,522.21,0.39,16.71,0.20,20.00
7.36,4.72,4.12,3.01,10.66,0.00,720.16,525.70,0.37,16.82,0.20,20.00
7.40,4.72,4.13,3.01,10.65,0.00,719.10,526.54,0.37,16.85,0.20,20.00
7.44,4.70,4.14,3.01,10.59,0.00,713.61,530.87,0.34,16.99,0.20,20.00
7.47,4.69,4.16,3.01,10.48,0.00,708.12,537.84,0.32,17.21,0.20,20.00
7.51,4.68,4.16,3.01,10.48,0.00,707.07,538.26,0.31,17.22,0.20,20.00
7.54,4.67,4.18,3.01,10.39,0.00,701.68,544.17,0.29,17.41,0.20,20.00
7.58,4.66,4.18,3.01,10.38,0.00,700.52,544.80,0.29,17.43,0.20,20.00
7.62,4.65,4.20,3.01,10.31,0.00,696.62,549.45,0.27,17.58,0.20,20.00
7.65,4.64,4.20,3.01,10.29,0.00,693.66,551.03,0.26,17.63,0.20,20.00
7.69,4.63,4.21,3.01,10.22,0.00,690.60,555.57,0.24,17.78,0.20,20.00
7.73,4.61,4.23,3.01,10.15,0.00,684.69,560.74,0.22,17.94,0.20,20.00
7.76,4.60,4.24,3.01,10.11,0.00,681.73,563.17,0.21,18.02,0.20,20.00
7.80,4.60,4.25,3.01,10.07,0.00,679.20,565.71,0.20,18.10,0.00,20.00
7.83,4.58,4.26,3.01,10.00,0.00,674.76,570.56,0.18,18.26,0.00,20.00
7.87,4.56,4.26,3.01,10.00,0.00,668.85,570.56,0.17,18.26,0.00,20.00
7.91,4.56,4.28,3.01,9.92,0.00,668.11,575.84,0.16,18.43,0.00,20.00
7.94,4.55,4.30,3.01,9.83,0.00,663.36,582.28,0.14,18.63,0.00,20.00
7.98,4.53,4.30,3.01,9.81,0.00,656.92,583.34,0.13,18.67,0.00,20.00
8.01,4.52,4.32,3.01,9.74,0.00,655.87,588.40,0.11,18.83,0.00,20.00
8.05,4.51,4.32,3.01,9.72,0.00,651.11,589.46,0.10,18.86,0.00,20.00
8.08,4.49,4.33,3.01,9.65,0.00,645.52,594.21,0.09,19.01,0.00,20.00
8.12,4.48,4.35,3.01,9.58,0.00,642.88,599.07,0.07,19.17,0.00,20.00
8.16,4.48,4.36,3.01,9.54,0.00,640.56,601.60,0.06,19.25,0.00,20.00
8.19,4.46,4.36,3.02,9.51,0.00,636.65,604.03,0.05,19.33,0.00,20.00
8.23,4.46,4.38,3.01,9.44,0.00,634.33,608.89,0.04,19.48,0.00,20.00
8.26,4.45,4.38,3.02,9.42,0.00,630.21,610.36,0.03,19.53,0.00,20.00
8.30,4.44,4.40,3.02,9.35,0.00,629.89,614.90,0.02,19.68,0.00,20.00
8.34,4.44,4.40,3.01,9.32,0.00,629.05,617.01,0.02,19.74,0.00,20.00
8.37,4.44,4.41,3.01,9.30,0.00,629.26,617.96,0.02,19.77,0.00,20.00
8.41,4.44,4.42,3.01,9.26,0.00,629.68,621.24,0.01,19.88,0.00,20.00
8.44,4.44,4.42,3.01,9.25,0.00,629.16,621.77,0.01,19.90,0.00,20.00
8.48,4.44,4.42,3.02,9.23,0.00,629.47,623.03,0.01,19.94,0.00,20.00
8.52,4.44,4.42,3.01,9.23,0.00,629.79,622.72,0.01,19.93,0.00,20.00
8.55,4.44,4.42,3.01,9.23,0.00,629.26,623.14,0.01,19.94,0.00,20.00
8.59,4.44,4.42,3.01,9.23,0.00,629.47,622.82,0.01,19.93,0.00,20.00
8.62,4.44,4.43,3.01,9.18,0.00,629.79,626.09,0.01,20.04,0.00,20.00
8.66,4.44,4.44,3.01,9.15,0.00,629.58,628.31,0.00,20.11,0.00,20.00
8.69,4.44,4.44,3.01,9.14,0.00,629.26,629.05,0.00,20.13,0.00,20.00
8.73,4.44,4.44,3.01,9.13,0.00,628.73,629.89,-0.00,20.16,0.00,20.00
8.77,4.44,4.44,3.01,9.14,0.00,629.05,629.26,-0.00,20.14,0.00,20.00
8.80,4.44,4.44,3.02,9.14,0.00,629.68,629.05,0.00,20.13,0.00,20.00
8.84,4.44,4.44,3.01,9.13,0.00,628.84,629.47,-0.00,20.14,0.00,20.00
8.87,4.44,4.44,3.02,9.14,0.00,629.68,629.16,0.00,20.13,0.00,20.00
8.91,4.44,4.44,3.01,9.13,0.00,629.47,629.47,0.00,20.14,0.00,20.00
8.95,4.44,4.44,3.01,9.14,0.00,629.05,628.84,0.00,20.12,0.00,20.00
8.98,4.44,4.44,3.02,9.14,0.00,629.26,629.37,-0.00,20.14,0.00,20.00
9.02,4.44,4.44,3.01,9.14,0.00,629.47,629.16,0.00,20.13,0.00,20.00
9.05,4.44,4.44,3.01,9.13,0.00,628.94,629.47,-0.00,20.14,0.00,20.00
9.09,4.44,4.44,3.01,9.14,0.00,629.05,628.84,0.00,20.12,0.00,20.00
9.13,4.44,4.44,3.01,9.14,0.00,629.05,629.37,-0.00,20.14,0.00,20.00
9.16,4.44,4.44,3.02,9.14,0.00,629.05,629.26,-0.00,20.14,0.00,20.00
9.20,4.44,4.44,3.01,9.13,0.00,629.89,629.58,0.00,20.15,0.00,20.00
9.23,4.44,4.44,3.01,9.14,0.00,629.16,628.94,0.00,20.13,0.00,20.00
9.27,4.44,4.44,3.01,9.14,0.00,628.94,628.94,0.00,20.13,0.00,20.00
9.30,4.44,4.44,3.00,9.13,0.00,629.37,629.47,-0.00,20.14,0.00,20.00
9.34,4.44,4.44,3.01,9.14,0.00,629.16,628.84,0.00,20.12,0.00,20.00
9.38,4.44,4.44,3.02,9.14,0.00,629.37,629.16,0.00,20.13,0.00,20.00
9.41,4.44,4.44,3.01,9.13,0.00,629.37,629.68,-0.00,20.15,0.00,20.00
9.45,4.44,4.44,3.01,9.13,0.00,629.05,630.00,-0.00,20.16,0.00,20.00
9.48,4.44,4.44,3.01,9.14,0.00,629.05,629.26,-0.00,20.14,0.00,20.00
9.52,4.44,4.44,3.01,9.15,0.00,629.05,628.63,0.00,20.12,0.00,20.00
9.56,4.44,4.44,3.01,9.13,0.00,629.37,629.47,-0.00,20.14,0.00,20.00
9.59,4.46,4.44,3.01,9.13,0.00,634.96,629.47,0.01,20.14,0.00,20.00
9.63,4.46,4.44,3.02,9.13,0.00,636.12,629.79,0.01,20.15,0.00,20.00
9.66,4.46,4.44,3.01,9.14,0.00,635.17,629.26,0.01,20.14,0.00,20.00
9.70,4.46,4.44,3.00,9.14,0.00,635.91,629.26,0.01,20.14,0.00,20.00
9.73,4.46,4.45,3.01,9.11,0.00,635.91,630.95,0.01,20.19,0.00,20.00
9.77,4.46,4.46,3.01,9.06,0.00,635.70,634.43,0.00,20.30,0.00,20.00
9.81,4.46,4.46,3.02,9.05,0.00,635.81,635.28,0.00,20.33,0.00,20.00
9.84,4.46,4.46,3.01,9.04,0.00,635.70,636.12,-0.00,20.36,0.00,20.00
9.88,4.46,4.46,3.01,9.05,0.00,635.70,635.28,0.00,20.33,0.00,20.00
9.91,4.46,4.46,3.01,9.04,0.00,636.12,635.91,0.00,20.35,0.00,20.00
9.95,4.45,4.46,3.01,9.04,0.00,631.48,635.60,-0.01,20.34,0.00,20.00
9.99,4.44,4.46,3.01,9.05,0.00,630.00,635.49,-0.01,20.34,0.00,20.00
10.02,4.44,4.45,3.01,0.00,0.00,629.26,631.58,-0.00,20.21,-0.20,0.00
10.06,4.44,4.44,3.01,0.00,0.00,629.16,629.58,-0.00,20.15,-0.20,0.00
10.09,4.39,4.44,3.02,0.00,0.00,612.79,629.26,-0.03,20.14,-0.20,0.00
10.13,4.28,4.44,3.01,0.00,0.00,575.74,628.73,-0.08,20.12,-0.20,0.00
10.17,4.14,4.43,3.01,0.00,0.00,532.13,625.25,-0.15,20.01,-0.20,0.00
10.20,4.00,4.42,3.01,0.00,0.00,486.21,623.03,-0.22,19.94,-0.20,0.00
10.24,3.89,4.41,3.01,0.00,0.00,451.90,618.81,-0.27,19.80,-0.20,0.00
10.27,3.78,4.40,3.01,0.00,0.00,413.58,616.06,-0.33,19.71,-0.20,0.00
10.31,3.67,4.39,3.01,0.00,0.00,380.32,613.85,-0.38,19.64,-0.20,0.00
10.35,3.58,4.38,3.01,0.00,0.00,348.55,608.04,-0.43,19.46,-0.20,0.00
10.38,3.50,4.37,3.01,0.00,0.00,324.58,605.09,-0.46,19.36,-0.20,0.00
10.42,3.43,4.36,3.01,0.00,0.00,301.35,603.08,-0.50,19.30,-0.20,0.00
10.45,3.36,4.34,3.02,0.00,0.00,279.08,597.59,-0.53,19.12,-0.20,0.00
10.49,3.30,4.34,3.01,0.00,0.00,259.65,596.43,-0.56,19.09,-0.20,0.00
10.52,3.25,4.33,3.01,0.00,0.00,242.87,591.99,-0.59,18.94,-0.20,0.00
10.56,3.19,4.32,3.01,0.00,0.00,222.49,590.83,-0.62,18.91,-0.20,0.00
10.60,3.15,4.31,3.02,0.00,0.00,210.14,585.98,-0.64,18.75,-0.20,0.00
10.63,3.10,4.30,3.01,0.00,0.00,193.04,583.87,-0.67,18.68,-0.20,0.00
10.67,3.06,4.29,3.01,0.00,0.00,180.16,580.49,-0.69,18.58,-0.20,0.00
10.70,3.01,4.28,3.01,0.00,0.00,166.54,577.74,-0.71,18.49,-0.20,0.00
10.74,2.99,4.27,3.01,0.00,0.00,159.57,574.89,-0.72,18.40,-0.20,0.00
10.78,2.96,4.26,3.01,0.00,0.00,150.39,570.67,-0.74,18.26,-0.20,0.00
10.81,2.94,4.26,3.02,0.00,0.00,142.15,570.25,-0.75,18.25,-0.20,0.00
10.85,2.92,4.24,3.01,0.00,0.00,134.87,565.18,-0.76,18.09,-0.20,0.00
10.88,2.90,4.24,3.01,0.00,0.00,129.17,564.33,-0.77,18.06,-0.20,0.00
10.92,2.87,4.23,3.01,0.00,0.00,119.14,560.43,-0.79,17.93,-0.20,0.00
10.95,2.86,4.22,3.02,0.00,0.00,115.34,558.42,-0.79,17.87,-0.20,0.00
10.99,2.84,4.21,3.01,0.00,0.00,110.06,553.25,-0.80,17.70,-0.20,0.00
11.03,2.83,4.21,3.01,0.00,0.00,105.41,553.14,-0.81,17.70,-0.20,0.00
11.06,2.81,4.20,3.01,0.00,0.00,100.35,549.87,-0.82,17.60,-0.20,0.00
11.10,2.80,4.19,3.02,0.00,0.00,96.23,546.39,-0.82,17.48,-0.20,0.00
11.13,2.79,4.18,3.01,0.00,0.00,92.85,542.80,-0.83,17.37,-0.20,0.00
11.17,2.78,4.17,3.02,0.00,0.00,90.74,540.05,-0.83,17.28,-0.20,0.00
11.21,2.78,4.16,3.02,0.00,0.00,89.26,539.42,-0.83,17.26,-0.20,0.00
11.24,2.76,4.15,3.01,0.00,0.00,83.56,533.82,-0.84,17.08,-0.20,0.00
11.28,2.75,4.15,3.01,0.00,0.00,81.87,533.09,-0.85,17.06,-0.20,0.00
11.31,2.74,4.13,3.01,0.00,0.00,77.44,528.02,-0.85,16.90,-0.20,0.00
11.35,2.74,4.12,3.01,0.00,0.00,76.28,526.12,-0.86,16.84,-0.20,0.00
11.38,2.74,4.11,3.01,0.00,0.00,76.28,522.32,-0.85,16.71,-0.20,0.00
11.42,2.73,4.11,3.01,0.00,0.00,73.32,520.52,-0.86,16.66,-0.20,0.00
11.46,2.72,4.09,3.02,0.00,0.00,70.15,516.62,-0.86,16.53,-0.20,0.00
11.49,2.71,4.08,3.01,0.00,0.00,68.78,513.34,-0.87,16.43,-0.20,0.00
11.53,2.71,4.08,3.01,0.00,0.00,68.57,511.23,-0.87,16.36,-0.20,0.00
11.56,2.72,4.07,3.01,0.00,0.00,70.15,508.49,-0.86,16.27,-0.20,0.00
11.60,2.71,4.06,3.01,0.00,0.00,69.52,505.85,-0.86,16.19,-0.20,0.00
11.64,2.71,4.05,3.01,0.00,0.00,68.36,500.99,-0.86,16.03,-0.20,0.00
11.67,2.70,4.04,3.01,0.00,0.00,63.40,500.46,-0.87,16.01,-0.20,0.00
11.71,2.70,4.03,3.02,0.00,0.00,63.71,495.82,-0.87,15.87,-0.20,0.00
11.74,2.70,4.02,3.01,0.00,0.00,63.18,493.60,-0.87,15.80,-0.20,0.00
11.78,2.69,4.01,3.01,0.00,0.00,61.81,488.96,-0.87,15.65,-0.20,0.00
11.82,2.70,4.01,3.02,0.00,0.00,63.82,487.69,-0.87,15.61,-0.20,0.00
11.85,2.70,3.99,3.02,0.00,0.00,64.03,482.94,-0.87,15.45,-0.20,0.00
11.89,2.70,3.99,3.01,0.00,0.00,63.50,481.88,-0.87,15.42,-0.20,0.00
11.92,2.69,3.98,3.01,0.00,0.00,62.34,478.50,-0.87,15.31,-0.20,0.00
11.96,2.70,3.97,3.02,0.00,0.00,63.29,475.34,-0.87,15.21,-0.20,0.00
12.00,2.69,3.95,3.01,0.00,0.00,62.13,470.69,-0.87,15.06,-0.20,0.00
12.03,2.70,3.95,3.01,0.00,0.00,65.51,468.90,-0.86,15.00,-0.20,0.00
12.07,2.69,3.94,3.01,0.00,0.00,62.97,466.57,-0.87,14.93,-0.20,0.00
12.10,2.70,3.93,3.01,0.00,0.00,63.71,463.30,-0.86,14.83,-0.20,0.00
12.14,2.69,3.92,3.01,0.00,0.00,62.34,460.77,-0.86,14.74,-0.20,0.00
12.17,2.69,3.91,3.02,0.00,0.00,62.34,456.86,-0.86,14.62,-0.20,0.00
12.21,2.69,3.90,3.01,0.00,0.00,62.76,455.17,-0.86,14.57,-0.20,0.00
12.25,2.70,3.89,3.01,0.00,0.00,63.92,450.53,-0.86,14.42,-0.20,0.00
12.28,2.69,3.89,3.01,0.00,0.00,62.87,448.94,-0.86,14.37,-0.20,0.00
12.32,2.69,3.87,3.01,0.00,0.00,62.23,445.04,-0.86,14.24,-0.20,0.00
12.35,2.69,3.86,3.01,0.00,0.00,62.34,442.19,-0.86,14.15,-0.20,0.00
12.39,2.70,3.86,3.01,0.00,0.00,63.50,439.34,-0.86,14.06,-0.20,0.00
12.43,2.69,3.85,3.01,0.00,0.00,63.08,436.28,-0.86,13.96,-0.20,0.00
12.46,2.69,3.84,3.01,0.00,0.00,62.34,434.90,-0.86,13.92,-0.20,0.00
12.50,2.69,3.83,3.01,0.00,0.00,62.34,430.68,-0.86,13.78,-0.20,0.00
12.53,2.70,3.83,3.02,0.00,0.00,63.61,430.36,-0.85,13.77,-0.20,0.00
12.57,2.69,3.81,3.01,0.00,0.00,62.23,423.92,-0.85,13.57,-0.20,0.00
12.61,2.70,3.81,3.01,0.00,0.00,63.61,424.35,-0.85,13.58,-0.20,0.00
12.64,2.69,3.79,3.01,0.00,0.00,62.76,418.43,-0.85,13.39,-0.20,0.00
12.68,2.68,3.79,3.02,0.00,0.00,59.38,417.06,-0.86,13.35,-0.20,0.00
12.71,2.67,3.77,3.01,0.00,0.00,56.32,412.73,-0.86,13.21,-0.20,0.00
12.75,2.67,3.77,3.02,0.00,0.00,56.53,410.94,-0.86,13.15,-0.20,0.00
12.79,2.68,3.76,3.01,0.00,0.00,57.06,407.14,-0.86,13.03,-0.20,0.00
12.82,2.68,3.75,3.02,0.00,0.00,56.85,404.60,-0.86,12.95,-0.20,0.00
12.86,2.68,3.74,3.01,0.00,0.00,57.27,403.02,-0.86,12.90,-0.20,0.00
12.89,2.69,3.73,3.01,0.00,0.00,61.28,399.22,-0.85,12.78,-0.20,0.00
12.93,2.68,3.73,3.02,0.00,0.00,57.06,397.74,-0.86,12.73,-0.20,0.00
12.97,2.67,3.71,3.01,0.00,0.00,56.11,391.41,-0.86,12.53,-0.20,0.00
13.00,2.68,3.71,3.01,0.00,0.00,57.70,391.94,-0.85,12.54,-0.20,0.00
13.04,2.67,3.69,3.01,0.00,0.00,55.79,386.66,-0.86,12.37,-0.20,0.00
13.07,2.68,3.69,3.02,0.00,0.00,56.74,385.28,-0.85,12.33,-0.20,0.00
13.11,2.68,3.67,3.01,0.00,0.00,59.60,380.22,-0.84,12.17,-0.20,0.00
13.15,2.69,3.67,3.01,0.00,0.00,62.97,378.84,-0.83,12.12,-0.20,0.00
13.18,2.69,3.66,3.01,0.00,0.00,62.76,375.99,-0.83,12.03,-0.20,0.00
13.22,2.70,3.65,3.01,0.00,0.00,63.50,371.77,-0.83,11.90,-0.20,0.00
13.25,2.69,3.63,3.01,0.00,0.00,62.13,366.39,-0.83,11.72,-0.20,0.00
13.29,2.69,3.63,3.02,0.00,0.00,63.08,365.12,-0.83,11.68,-0.20,0.00
13.32,2.69,3.61,3.01,0.00,0.00,60.86,360.26,-0.83,11.53,-0.20,0.00
13.36,2.68,3.61,3.01,0.00,0.00,59.17,360.16,-0.84,11.53,-0.20,0.00
13.40,2.67,3.59,3.01,0.00,0.00,56.32,354.35,-0.84,11.34,-0.20,0.00
13.43,2.67,3.59,3.02,0.00,0.00,56.22,353.51,-0.84,11.31,-0.20,0.00
13.47,2.67,3.58,3.01,0.00,0.00,56.22,348.97,-0.84,11.17,-0.20,0.00
13.50,2.67,3.57,3.01,0.00,0.00,56.64,346.22,-0.84,11.08,-0.20,0.00
13.54,2.68,3.56,3.01,0.00,0.00,56.85,343.69,-0.83,11.00,-0.20,0.00
13.58,2.68,3.55,3.01,0.00,0.00,59.07,341.05,-0.83,10.91,-0.20,0.00
13.61,2.69,3.55,3.01,0.00,0.00,62.34,338.73,-0.82,10.84,-0.20,0.00
13.65,2.69,3.53,3.01,0.00,0.00,61.81,333.45,-0.81,10.67,-0.20,0.00
13.68,2.70,3.53,3.01,0.00,0.00,63.50,333.13,-0.81,10.66,-0.20,0.00
13.72,2.69,3.51,3.01,0.00,0.00,62.97,328.28,-0.81,10.50,-0.20,0.00
13.76,2.70,3.51,3.01,0.00,0.00,63.40,327.43,-0.81,10.48,-0.20,0.00
13.79,2.69,3.49,3.01,0.00,0.00,62.13,321.41,-0.81,10.29,-0.20,0.00
13.83,2.69,3.49,3.02,0.00,0.00,62.97,321.52,-0.80,10.29,-0.20,0.00
13.86,2.70,3.48,3.01,0.00,0.00,63.18,316.98,-0.80,10.14,-0.20,0.00
13.90,2.70,3.47,3.01,0.00,0.00,63.50,314.97,-0.80,10.08,-0.20,0.00
13.94,2.69,3.46,3.01,0.00,0.00,61.92,311.60,-0.80,9.97,-0.20,0.00
13.97,2.69,3.45,3.01,0.00,0.00,62.34,308.96,-0.80,9.89,-0.20,0.00
14.01,2.69,3.45,3.01,0.00,0.00,61.92,306.63,-0.80,9.81,-0.20,0.00
14.04,2.70,3.43,3.02,0.00,0.00,63.71,302.73,-0.79,9.69,-0.20,0.00
14.08,2.70,3.43,3.01,0.00,0.00,63.29,300.72,-0.79,9.62,-0.20,0.00
14.12,2.70,3.42,3.01,0.00,0.00,64.13,297.45,-0.78,9.52,-0.20,0.00
14.15,2.69,3.41,3.01,0.00,0.00,62.97,295.13,-0.79,9.44,-0.20,0.00
14.19,2.69,3.41,3.02,0.00,0.00,63.08,293.44,-0.79,9.39,-0.20,0.00
14.22,2.69,3.39,3.01,0.00,0.00,62.34,287.84,-0.78,9.21,-0.20,0.00
14.26,2.70,3.39,3.01,0.00,0.00,63.61,288.48,-0.78,9.23,-0.20,0.00
14.29,2.70,3.37,3.01,0.00,0.00,63.50,282.46,-0.78,9.04,-0.20,0.00
14.33,2.70,3.36,3.01,0.00,0.00,63.61,277.81,-0.77,8.89,-0.20,0.00
14.37,2.69,3.35,3.01,0.00,0.00,61.92,275.49,-0.78,8.82,-0.20,0.00
14.40,2.69,3.34,3.02,0.00,0.00,63.08,271.90,-0.77,8.70,-0.20,0.00
14.44,2.69,3.33,3.01,0.00,0.00,62.23,268.94,-0.77,8.61,-0.20,0.00
14.47,2.70,3.32,3.01,0.00,0.00,65.72,266.62,-0.75,8.53,-0.20,0.00
14.51,2.69,3.31,3.01,0.00,0.00,62.45,263.24,-0.76,8.42,-0.20,0.00
14.54,2.69,3.31,3.01,0.00,0.00,62.87,263.35,-0.76,8.43,-0.20,0.00
14.58,2.69,3.29,3.01,0.00,0.00,62.66,257.44,-0.76,8.24,-0.20,0.00
14.62,2.69,3.29,3.02,0.00,0.00,62.87,256.06,-0.75,8.19,-0.20,0.00
14.65,2.69,3.28,3.01,0.00,0.00,62.66,251.10,-0.75,8.04,-0.20,0.00
14.69,2.70,3.27,3.01,0.00,0.00,63.71,250.68,-0.75,8.02,-0.20,0.00
14.72,2.69,3.26,3.01,0.00,0.00,62.97,245.72,-0.74,7.86,-0.20,0.00
14.76,2.70,3.26,3.01,0.00,0.00,63.82,244.77,-0.74,7.83,-0.20,0.00
14.80,2.69,3.24,3.02,0.00,0.00,61.92,240.65,-0.74,7.70,-0.20,0.00
14.83,2.70,3.23,3.01,0.00,0.00,63.18,237.59,-0.73,7.60,-0.20,0.00
14.87,2.70,3.23,3.01,0.00,0.00,63.40,237.70,-0.73,7.61,-0.20,0.00
14.90,2.69,3.21,3.01,0.00,0.00,61.92,231.57,-0.73,7.41,-0.20,0.00
14.94,2.68,3.21,3.01,0.00,0.00,58.12,230.73,-0.75,7.38,-0.20,0.00
14.98,2.67,3.19,3.01,0.00,0.00,56.01,223.76,-0.75,7.16,-0.20,0.00
15.01,2.68,3.18,3.01,0.00,0.00,57.91,220.28,-0.74,7.05,-0.20,0.00
15.05,2.67,3.17,3.01,0.00,0.00,56.22,217.64,-0.74,6.96,-0.20,0.00
15.08,2.68,3.16,3.01,0.00,0.00,57.27,215.42,-0.73,6.89,-0.20,0.00
15.12,2.67,3.15,3.01,0.00,0.00,55.79,211.51,-0.74,6.77,-0.20,0.00
15.16,2.68,3.15,3.01,0.00,0.00,57.27,210.35,-0.73,6.73,-0.20,0.00
15.19,2.68,3.13,3.01,0.00,0.00,56.74,204.86,-0.72,6.56,-0.20,0.00
15.23,2.68,3.13,3.01,0.00,0.00,57.48,205.39,-0.72,6.57,-0.20,0.00
15.26,2.67,3.11,3.01,0.00,0.00,56.32,198.74,-0.72,6.36,-0.20,0.00
15.30,2.69,3.11,3.02,0.00,0.00,61.28,198.63,-0.69,6.36,-0.20,0.00
15.33,2.69,3.10,3.01,0.00,0.00,61.60,193.67,-0.68,6.20,-0.20,0.00
15.37,2.69,3.09,3.01,0.00,0.00,63.08,192.51,-0.67,6.16,-0.20,0.00
15.41,2.69,3.08,3.01,0.00,0.00,62.23,188.18,-0.67,6.02,-0.20,0.00
15.44,2.70,3.07,3.02,0.00,0.00,63.50,186.28,-0.66,5.96,-0.20,0.00
15.48,2.69,3.07,3.01,0.00,0.00,62.34,184.38,-0.66,5.90,-0.20,0.00
15.51,2.69,3.06,3.01,0.00,0.00,63.08,180.58,-0.65,5.78,-0.20,0.00
15.55,2.70,3.05,3.01,0.00,0.00,63.50,178.68,-0.64,5.72,-0.20,0.00
15.59,2.70,3.04,3.01,0.00,0.00,63.50,173.82,-0.63,5.56,-0.20,0.00
15.62,2.69,3.04,3.01,0.00,0.00,62.97,173.61,-0.64,5.56,-0.20,0.00
15.66,2.69,3.02,3.01,0.00,0.00,62.23,169.28,-0.63,5.42,-0.20,0.00
15.69,2.69,3.00,3.01,0.00,0.00,62.34,162.84,-0.62,5.21,-0.20,0.00
15.73,2.69,2.99,3.02,0.00,0.00,62.66,160.10,-0.61,5.12,-0.20,0.00
15.76,2.70,2.99,3.01,0.00,0.00,63.40,157.46,-0.60,5.04,-0.20,0.00
15.80,2.70,2.98,3.01,0.00,0.00,63.50,154.93,-0.59,4.96,-0.20,0.00
15.83,2.68,2.97,3.01,0.00,0.00,57.17,153.77,-0.63,4.92,-0.20,0.00
15.87,2.68,2.95,3.01,0.00,0.00,56.74,147.22,-0.61,4.71,-0.20,0.00
15.91,2.67,2.95,3.01,0.00,0.00,55.90,146.90,-0.62,4.70,-0.20,0.00
15.94,2.68,2.94,3.02,0.00,0.00,57.48,142.15,-0.60,4.55,-0.20,0.00
15.98,2.69,2.93,3.01,0.00,0.00,60.44,139.94,-0.57,4.48,-0.20,0.00
16.01,2.70,2.93,3.01,0.00,0.00,63.40,137.93,-0.54,4.41,-0.20,0.00
16.05,2.69,2.92,3.01,0.00,0.00,62.76,134.97,-0.54,4.32,-0.20,0.00
16.09,2.70,2.92,3.01,0.00,0.00,63.50,135.61,-0.53,4.34,-0.20,0.00
16.12,2.69,2.90,3.01,0.00,0.00,62.34,128.43,-0.51,4.11,-0.20,0.00
16.16,2.68,2.88,3.02,0.00,0.00,57.70,121.99,-0.53,3.90,-0.20,0.00
16.19,2.68,2.87,3.01,0.00,0.00,57.91,121.35,-0.52,3.88,-0.20,0.00
16.23,2.68,2.86,3.01,0.00,0.00,56.96,116.82,-0.51,3.74,-0.20,0.00
16.27,2.67,2.86,3.01,0.00,0.00,56.64,117.13,-0.52,3.75,-0.20,0.00
16.30,2.67,2.84,3.01,0.00,0.00,55.90,111.43,-0.50,3.57,-0.20,0.00
16.34,2.68,2.84,3.01,0.00,0.00,57.17,109.21,-0.48,3.49,-0.20,0.00
16.37,2.67,2.83,3.01,0.00,0.00,55.90,105.52,-0.47,3.38,-0.20,0.00
16.41,2.68,2.82,3.01,0.00,0.00,57.27,102.25,-0.44,3.27,-0.20,0.00
16.44,2.68,2.81,3.01,0.00,0.00,56.85,101.61,-0.44,3.25,-0.20,0.00
16.48,2.69,2.80,3.01,0.00,0.00,62.02,97.92,-0.37,3.13,-0.20,0.00
16.51,2.70,2.80,3.01,0.00,0.00,63.82,95.81,-0.33,3.07,-0.20,0.00
16.55,2.69,2.78,3.01,0.00,0.00,62.66,91.48,-0.32,2.93,-0.20,0.00
16.59,2.69,2.77,3.01,0.00,0.00,62.66,86.62,-0.28,2.77,-0.20,0.00
16.62,2.70,2.75,3.01,0.00,0.00,64.03,82.61,-0.22,2.64,-0.20,0.00
16.66,2.69,2.74,3.01,0.00,0.00,63.08,79.13,-0.20,2.53,-0.20,0.00
16.69,2.70,2.74,3.01,0.00,0.00,63.61,76.17,-0.16,2.44,-0.20,0.00
16.73,2.70,2.73,3.01,0.00,0.00,63.71,75.75,-0.16,2.42,-0.20,0.00
16.76,2.69,2.72,3.01,0.00,0.00,62.66,70.57,-0.11,2.26,-0.20,0.00
16.80,2.69,2.71,3.01,0.00,0.00,62.55,67.72,-0.08,2.17,-0.20,0.00
16.84,2.69,2.70,3.01,0.00,0.00,62.02,63.82,-0.03,2.04,-0.20,0.00
16.87,2.70,2.70,3.01,0.00,0.00,63.40,63.29,0.00,2.03,-0.20,0.00
16.91,2.68,2.69,3.01,-0.90,0.00,57.38,60.97,-0.06,1.95,0.00,0.00
16.94,2.68,2.68,3.01,-0.86,0.00,56.85,58.65,-0.03,1.88,0.00,0.00
16.98,2.67,2.67,3.01,-0.83,0.00,53.47,56.43,-0.05,1.81,0.00,0.00
17.01,2.66,2.66,3.01,-0.78,0.00,50.31,53.16,-0.05,1.70,0.00,0.00
17.05,2.65,2.66,3.01,-0.74,0.00,48.30,50.41,-0.04,1.61,0.00,0.00
17.09,2.64,2.65,3.01,-0.70,0.00,45.24,47.56,-0.05,1.52,0.00,0.00
17.12,2.63,2.64,3.01,-0.66,0.00,42.70,44.92,-0.05,1.44,0.00,0.00
17.16,2.62,2.63,3.01,-0.61,0.00,37.85,41.65,-0.09,1.33,0.00,0.00
17.19,2.61,2.62,3.02,-0.57,0.00,36.26,38.90,-0.07,1.24,0.00,0.00
17.23,2.59,2.61,3.01,-0.52,0.00,30.67,35.00,-0.12,1.12,0.00,0.00
17.26,2.60,2.60,3.01,-0.47,0.00,31.62,31.62,0.00,1.01,0.00,0.00
17.30,2.59,2.59,3.01,-0.45,0.00,27.82,30.25,-0.08,0.97,0.00,0.00
17.34,2.58,2.59,3.01,-0.43,0.00,25.28,28.87,-0.12,0.92,0.00,0.00
17.37,2.57,2.58,3.01,-0.38,0.00,23.49,25.71,-0.09,0.82,0.00,0.00
17.41,2.57,2.58,3.01,-0.37,0.00,24.12,25.39,-0.05,0.81,0.00,0.00
17.44,2.56,2.56,3.01,-0.29,0.00,20.22,19.58,0.03,0.63,0.00,0.00
17.48,2.56,2.55,3.01,-0.26,0.00,17.89,17.79,0.01,0.57,0.00,0.00
17.51,2.56,2.55,3.01,-0.26,0.00,18.11,17.68,0.02,0.57,0.00,0.00
17.55,2.56,2.56,3.01,-0.28,0.00,18.21,18.84,-0.03,0.60,0.00,0.00
17.59,2.56,2.56,3.01,-0.27,0.00,19.06,18.21,0.05,0.58,0.00,0.00
17.62,2.53,2.55,3.01,-0.25,0.00,10.50,17.05,-0.38,0.55,0.00,0.00
17.66,2.54,2.54,3.02,-0.18,0.00,11.88,11.98,-0.01,0.38,0.00,0.00
17.69,2.54,2.53,3.01,-0.16,0.00,11.45,10.93,0.05,0.35,0.00,0.00
17.73,2.54,2.54,3.01,-0.17,0.00,12.19,11.77,0.04,0.38,0.00,0.00
17.76,2.54,2.54,3.01,-0.17,0.00,11.67,11.67,0.00,0.37,0.00,0.00
17.80,2.53,2.54,3.01,-0.18,0.00,10.29,12.09,-0.15,0.39,0.00,0.00
17.83,2.54,2.54,3.01,-0.17,0.00,12.40,11.56,0.07,0.37,0.00,0.00
17.87,2.52,2.52,3.01,-0.11,0.00,8.08,7.34,0.10,0.23,0.00,0.00
17.91,2.52,2.52,3.01,-0.08,0.00,6.49,5.33,0.22,0.17,0.00,0.00
17.94,2.52,2.52,3.01,-0.09,0.00,5.54,5.96,-0.07,0.19,0.00,0.00
17.98,2.52,2.52,3.01,-0.08,0.00,5.01,5.44,-0.08,0.17,0.00,0.00
18.01,2.51,2.52,3.01,-0.08,0.00,4.28,5.54,-0.23,0.18,0.00,0.00
18.05,2.51,2.52,3.01,-0.08,0.00,4.70,5.12,-0.08,0.16,0.00,0.00
18.08,2.52,2.52,3.01,-0.10,0.00,4.91,6.60,-0.26,0.21,0.00,0.00
18.12,2.51,2.51,3.01,-0.06,0.00,4.17,4.17,0.00,0.13,0.00,0.00
18.15,2.52,2.52,3.01,-0.07,0.00,5.75,5.01,0.15,0.16,0.00,0.00
18.19,2.51,2.51,3.01,-0.06,0.00,4.49,4.06,0.10,0.13,0.00,0.00
18.22,2.52,2.51,3.01,-0.07,0.00,5.75,4.59,0.25,0.15,0.00,0.00
18.26,2.52,2.51,3.01,-0.06,0.00,5.33,4.38,0.22,0.14,0.00,0.00
18.30,2.52,2.52,3.01,-0.09,0.00,5.54,5.96,-0.07,0.19,0.00,0.00
18.33,2.51,2.51,3.01,-0.07,0.00,4.17,4.59,-0.09,0.15,0.00,0.00
18.37,2.52,2.52,3.01,-0.09,0.00,5.33,5.86,-0.09,0.19,0.00,0.00
18.40,2.52,2.51,3.01,-0.06,0.00,4.91,4.28,0.15,0.14,0.00,0.00
18.44,2.52,2.52,3.01,-0.08,0.00,5.96,5.23,0.14,0.17,0.00,0.00
18.47,2.52,2.51,3.01,-0.06,0.00,5.01,4.06,0.23,0.13,0.00,0.00
18.51,2.52,2.52,3.01,-0.08,0.00,6.18,5.44,0.14,0.17,0.00,0.00
18.54,2.52,2.52,3.01,-0.07,0.00,5.96,5.01,0.19,0.16,0.00,0.00
18.58,2.52,2.52,3.01,-0.09,0.00,5.01,6.18,-0.19,0.20,0.00,0.00
18.62,2.51,2.51,3.01,-0.06,0.00,3.96,4.28,-0.07,0.14,0.00,0.00
18.65,2.51,2.51,3.01,-0.04,0.00,2.69,3.01,-0.11,0.10,0.00,0.00
18.69,2.50,2.50,3.01,-0.01,0.00,-1.32,0.48,-3.78,0.02,0.00,0.00
18.72,2.49,2.50,3.01,0.02,0.00,-2.16,-1.43,-0.52,-0.05,0.00,0.00
18.76,2.50,2.49,3.01,0.03,0.00,-1.32,-1.74,0.24,-0.06,0.00,0.00
18.79,2.50,2.50,3.01,0.01,0.00,-0.37,-0.48,0.22,-0.02,0.00,0.00
18.83,2.50,2.50,3.01,0.02,0.00,-1.11,-1.32,0.16,-0.04,0.00,0.00
18.86,2.50,2.50,3.01,0.01,0.00,-1.43,-0.58,-1.45,-0.02,0.00,0.00
18.90,2.49,2.50,3.01,0.01,0.00,-1.85,-0.58,-2.18,-0.02,0.00,0.00
18.94,2.50,2.50,3.01,0.02,0.00,-1.53,-1.11,-0.38,-0.04,0.00,0.00
18.97,2.49,2.50,3.01,-0.00,0.00,-1.95,0.05,0.00,0.00,0.00,0.00
19.01,2.49,2.49,3.01,0.03,0.00,-2.16,-1.85,-0.17,-0.06,0.00,0.00
19.04,2.49,2.49,3.01,0.04,0.00,-1.64,-2.48,0.34,-0.08,0.00,0.00
19.08,2.50,2.50,3.01,0.02,0.00,-0.69,-1.21,0.43,-0.04,0.00,0.00
19.11,2.49,2.49,3.01,0.04,0.00,-1.85,-2.80,0.34,-0.09,0.00,0.00
19.15,2.50,2.49,3.01,0.03,0.00,-0.48,-2.38,0.80,-0.08,0.00,0.00
19.18,2.50,2.49,3.01,0.03,0.00,-0.79,-1.74,0.55,-0.06,0.00,0.00
19.22,2.50,2.50,3.01,0.01,0.00,-0.90,-0.90,0.00,-0.03,0.00,0.00
19.26,2.50,2.49,3.01,0.03,0.00,-0.90,-1.74,0.48,-0.06,0.00,0.00
19.29,2.50,2.50,3.01,-0.00,0.00,-1.21,0.26,-5.60,0.01,0.00,0.00
19.33,2.49,2.50,3.01,0.01,0.00,-1.85,-0.58,-2.18,-0.02,0.00,0.00
19.36,2.49,2.49,3.01,0.03,0.00,-1.74,-1.95,0.11,-0.06,0.00,0.00
19.40,2.49,2.50,3.01,0.01,0.00,-2.06,-1.00,-1.05,-0.03,0.00,0.00
19.43,2.49,2.49,3.01,0.03,0.00,-2.16,-2.16,0.00,-0.07,0.00,0.00
19.47,2.50,2.49,3.01,0.03,0.00,-1.21,-1.95,0.38,-0.06,0.00,0.00
19.51,2.50,2.51,3.01,-0.06,0.00,-0.79,3.85,-1.21,0.12,0.00,0.00
19.54,2.50,2.51,3.01,-0.06,0.00,-1.00,4.17,-1.24,0.13,0.00,0.00
19.58,2.50,2.50,3.01,0.00,0.00,-1.11,-0.05,0.00,-0.00,0.00,0.00
19.61,2.49,2.50,3.01,0.01,0.00,-2.06,-0.79,-1.60,-0.03,0.00,0.00
19.65,2.50,2.50,3.01,0.01,0.00,-1.53,-1.00,-0.53,-0.03,0.00,0.00
19.68,2.49,2.49,3.01,0.03,0.00,-1.95,-2.27,0.14,-0.07,0.00,0.00
19.72,2.49,2.50,3.01,0.02,0.00,-1.64,-1.21,-0.35,-0.04,0.00,0.00
19.75,2.50,2.49,3.01,0.03,0.00,-1.21,-1.74,0.30,-0.06,0.00,0.00
19.79,2.50,2.50,3.01,0.02,0.00,-0.79,-1.11,0.29,-0.04,0.00,0.00
19.83,2.49,2.49,3.01,0.03,0.00,-1.85,-1.74,-0.06,-0.06,0.00,0.00
19.86,2.50,2.50,3.01,0.01,0.00,-0.69,-0.58,-0.18,-0.02,0.00,0.00
19.90,2.50,2.50,3.01,0.02,0.00,-0.37,-1.11,0.67,-0.04,0.00,0.00
19.93,2.50,2.50,3.01,0.01,0.00,-1.43,-0.79,-0.80,-0.03,0.00,0.00
19.97,2.49,2.50,3.01,0.01,0.00,-1.74,-0.90,-0.94,-0.03,0.00,0.00
20.00,2.49,2.50,3.01,0.02,0.00,-1.85,-1.43,-0.30,-0.05,0.00,0.00
20.04,2.50,2.50,3.01,0.01,0.00,-1.32,-1.00,-0.32,-0.03,0.00,0.00
20.07,2.49,2.49,3.01,0.03,0.00,-1.85,-1.95,0.05,-0.06,0.00,0.00
20.11,2.50,2.49,3.01,0.03,0.00,-0.79,-1.74,0.55,-0.06,0.00,0.00
20.14,2.50,2.49,3.01,0.03,0.00,-0.69,-2.38,0.71,-0.08,0.00,0.00
20.18,2.50,2.50,3.01,0.01,0.00,-0.69,-1.00,0.32,-0.03,0.00,0.00
20.21,2.49,2.49,3.01,0.03,0.00,-1.74,-1.95,0.11,-0.06,0.00,0.00
20.25,2.50,2.50,3.01,0.01,0.00,-1.00,-0.48,-1.11,-0.02,0.00,0.00
20.29,2.49,2.49,3.01,0.02,0.00,-2.16,-1.64,-0.32,-0.05,0.00,0.00
20.32,2.50,2.50,3.01,0.00,0.00,-1.43,-0.26,-4.40,-0.01,0.00,0.00
20.36,2.50,2.49,3.01,0.03,0.00,-1.53,-2.16,0.29,-0.07,0.00,0.00
20.39,2.50,2.50,3.01,0.02,0.00,-0.37,-1.11,0.67,-0.04,0.00,0.00
20.43,2.50,2.49,3.01,0.03,0.00,-1.32,-2.06,0.36,-0.07,0.00,0.00
