0.00,0.00,0.00,0.00,11.92,0.00,-810.00,-810.00,0.00,-25.92,0.00,0.00
0.04,2.49,2.49,3.02,0.04,0.00,-1.85,-2.69,0.31,-0.09,0.20,0.00
0.07,2.51,2.49,3.01,0.03,0.00,3.01,-1.95,2.54,-0.06,0.00,0.00
0.11,2.57,2.50,3.01,0.00,0.00,21.38,-0.05,10.00,-0.00,0.00,0.00
0.14,2.56,2.51,3.01,-0.04,0.00,20.43,2.90,6.04,0.09,0.00,0.00
0.18,2.55,2.52,3.01,-0.11,0.00,15.57,7.44,1.09,0.24,0.00,0.00
0.21,2.54,2.53,3.01,-0.16,0.00,12.62,11.14,0.13,0.36,0.00,0.00
0.25,2.54,2.53,3.01,-0.16,0.00,13.88,11.14,0.25,0.36,0.00,0.00
0.28,2.53,2.53,3.01,-0.16,0.00,10.82,10.82,0.00,0.35,0.00,0.00
0.32,2.53,2.54,3.01,-0.17,0.00,10.93,11.67,-0.06,0.37,0.00,0.00
0.36,2.52,2.52,3.01,-0.10,0.00,7.65,6.81,0.12,0.22,0.00,0.00
0.39,2.52,2.51,3.01,-0.06,0.00,5.23,4.28,0.22,0.14,0.00,0.00
0.43,2.51,2.51,3.01,-0.06,0.00,4.38,3.96,0.11,0.13,0.00,0.00
0.46,2.52,2.51,3.01,-0.06,0.00,5.12,4.06,0.26,0.13,0.00,0.00
0.50,2.52,2.51,3.01,-0.06,0.00,5.75,4.06,0.42,0.13,0.00,0.00
0.53,2.52,2.51,3.01,-0.06,0.00,4.91,4.38,0.12,0.14,0.00,0.00
0.57,2.52,2.51,3.01,-0.06,0.00,4.91,3.85,0.27,0.12,0.00,0.00
0.60,2.52,2.51,3.01,-0.07,0.00,5.65,4.80,0.18,0.15,0.00,0.00
0.64,2.52,2.52,3.01,-0.07,0.00,4.91,4.91,0.00,0.16,0.00,0.00
0.68,2.51,2.51,3.01,-0.07,0.00,4.06,4.70,-0.13,0.15,0.00,0.00
0.71,2.51,2.52,3.01,-0.08,0.00,4.38,5.65,-0.22,0.18,0.00,0.00
0.75,2.51,2.51,3.01,-0.06,0.00,4.70,3.75,0.25,0.12,0.00,0.00
0.78,2.52,2.51,3.01,-0.07,0.00,5.75,4.49,0.28,0.14,0.00,0.00
0.82,2.52,2.51,3.02,-0.06,0.00,5.01,4.28,0.17,0.14,0.00,0.00
0.85,2.52,2.51,3.01,-0.06,0.00,5.96,3.96,0.51,0.13,0.00,0.00
0.89,2.52,2.51,3.01,-0.07,0.00,5.54,4.80,0.15,0.15,0.00,0.00
0.92,2.52,2.52,3.01,-0.08,0.00,5.44,5.54,-0.02,0.18,0.00,0.00
0.96,2.52,2.52,3.01,-0.07,0.00,5.86,4.91,0.19,0.16,0.00,0.00
0.99,2.52,2.51,3.01,-0.06,0.00,5.33,3.96,0.35,0.13,0.00,0.00
1.03,2.51,2.52,3.01,12.00,0.00,4.17,5.01,-0.17,0.16,0.00,20.00
1.07,2.52,2.52,3.01,12.00,0.00,5.44,5.01,0.08,0.16,0.20,20.00
1.10,2.58,2.51,3.01,12.00,0.00,24.76,4.06,5.09,0.13,0.20,20.00
1.14,2.76,2.51,3.01,12.00,0.00,83.03,4.70,10.00,0.15,0.20,20.00
1.17,2.93,2.53,3.01,12.00,0.00,139.30,8.92,10.00,0.29,0.20,20.00
1.21,3.12,2.54,3.01,12.00,0.00,201.27,11.88,10.00,0.38,0.20,20.00
1.24,3.29,2.55,3.01,12.00,0.00,256.70,15.99,10.00,0.51,0.20,20.00
1.28,3.45,2.55,3.01,12.00,0.00,307.69,16.73,10.00,0.54,0.20,20.00
1.32,3.59,2.57,3.01,12.00,0.00,354.46,22.01,10.00,0.70,0.20,20.00
1.35,3.72,2.57,3.01,12.00,0.00,394.89,23.91,10.00,0.77,0.20,20.00
1.39,3.82,2.58,3.02,12.00,0.00,427.94,27.18,10.00,0.87,0.20,20.00
1.42,3.92,2.60,3.01,12.00,0.00,460.98,31.09,10.00,0.99,0.20,20.00
1.46,4.03,2.59,3.01,12.00,0.00,494.55,30.67,10.00,0.98,0.20,20.00
1.50,4.12,2.61,3.01,12.00,0.00,524.74,36.48,10.00,1.17,0.20,20.00
1.53,4.19,2.62,3.01,12.00,0.00,547.97,37.43,10.00,1.20,0.20,20.00
1.57,4.26,2.63,3.01,12.00,0.00,570.25,42.60,10.00,1.36,0.20,20.00
1.60,4.33,2.64,3.01,12.00,0.00,591.68,44.18,10.00,1.41,0.20,20.00
1.64,4.37,2.65,3.01,12.00,0.00,606.99,48.09,10.00,1.54,0.20,20.00
1.68,4.42,2.66,3.01,12.00,0.00,623.35,51.78,10.00,1.66,0.20,20.00
1.71,4.48,2.67,3.01,12.00,0.00,641.72,56.01,10.00,1.79,0.20,20.00
1.75,4.52,2.68,3.01,12.00,0.00,654.92,57.59,10.00,1.84,0.20,20.00
1.78,4.55,2.69,3.01,12.00,0.00,662.62,61.81,9.72,1.98,0.20,20.00
1.82,4.58,2.69,3.01,12.00,0.00,675.08,62.02,9.88,1.98,0.20,20.00
1.85,4.62,2.70,3.01,12.00,0.00,687.22,65.40,9.51,2.09,0.20,20.00
1.89,4.64,2.71,3.01,12.00,0.00,693.77,68.46,9.13,2.19,0.20,20.00
1.93,4.66,2.72,3.01,12.00,0.00,700.73,70.68,8.91,2.26,0.20,20.00
1.96,4.69,2.73,3.01,12.00,0.00,708.23,74.80,8.47,2.39,0.20,20.00
2.00,4.70,2.74,3.01,12.00,0.00,713.09,77.96,8.15,2.49,0.20,20.00
2.03,4.72,2.75,3.01,12.00,0.00,719.84,81.24,7.86,2.60,0.20,20.00
2.07,4.74,2.76,3.01,12.00,0.00,726.60,85.78,7.47,2.74,0.20,20.00
2.11,4.76,2.77,3.01,12.00,0.00,731.14,88.10,7.30,2.82,0.20,20.00
2.14,4.76,2.78,3.02,12.00,0.00,733.57,91.27,7.04,2.92,0.20,20.00
2.18,4.78,2.79,3.01,12.00,0.00,740.22,93.70,6.90,3.00,0.20,20.00
2.21,4.80,2.79,3.01,12.00,0.00,744.12,92.85,7.01,2.97,0.20,20.00
2.25,4.80,2.80,3.01,12.00,0.00,746.34,97.71,6.64,3.13,0.20,20.00
2.29,4.82,2.81,3.01,12.00,0.00,750.25,99.92,6.51,3.20,0.20,20.00
2.32,4.82,2.82,3.01,12.00,0.00,751.09,104.67,6.18,3.35,0.20,20.00
2.36,4.83,2.83,3.01,12.00,0.00,753.94,106.68,6.07,3.41,0.20,20.00
2.39,4.84,2.84,3.01,12.00,0.00,756.79,111.43,5.79,3.57,0.20,20.00
2.43,4.84,2.85,3.01,12.00,0.00,757.00,113.23,5.69,3.62,0.20,20.00
2.47,4.84,2.86,3.01,12.00,0.00,757.32,116.39,5.51,3.72,0.20,20.00
2.50,4.84,2.87,3.01,12.00,0.00,759.22,120.83,5.28,3.87,0.20,20.00
2.54,4.86,2.88,3.01,12.00,0.00,763.34,122.62,5.23,3.92,0.20,20.00
2.57,4.86,2.89,3.02,12.00,0.00,763.34,126.42,5.04,4.05,0.20,20.00
2.61,4.86,2.90,3.02,12.00,0.00,764.08,128.64,4.94,4.12,0.20,20.00
2.64,4.86,2.91,3.01,12.00,0.00,763.76,132.33,4.77,4.23,0.20,20.00
2.68,4.86,2.91,3.01,12.00,0.00,763.97,133.92,4.70,4.29,0.20,20.00
2.72,4.86,2.91,3.01,12.00,0.00,765.24,134.23,4.70,4.30,0.20,20.00
2.75,4.88,2.93,3.01,12.00,0.00,769.57,140.57,4.47,4.50,0.20,20.00
2.79,4.88,2.93,3.01,12.00,0.00,770.20,140.89,4.47,4.51,0.20,20.00
2.82,4.88,2.95,3.01,12.00,0.00,770.09,146.06,4.27,4.67,0.20,20.00
2.86,4.88,2.95,3.01,12.00,0.00,769.88,147.22,4.23,4.71,0.20,20.00
2.90,4.88,2.97,3.01,12.00,0.00,769.78,151.44,4.08,4.85,0.20,20.00
2.93,4.88,2.97,3.01,12.00,0.00,770.20,153.45,4.02,4.91,0.20,20.00
2.97,4.88,2.99,3.01,12.00,0.00,769.99,157.35,3.89,5.04,0.20,20.00
3.01,4.88,2.99,3.01,12.00,0.00,770.41,160.31,3.81,5.13,0.20,20.00
3.04,4.88,3.01,3.01,12.00,0.00,770.41,164.96,3.67,5.28,0.20,20.00
3.08,4.88,3.01,3.01,12.00,0.00,770.41,165.38,3.66,5.29,0.20,20.00
3.11,4.88,3.03,3.01,12.00,0.00,770.41,171.92,3.48,5.50,0.20,20.00
3.15,4.88,3.03,3.01,12.00,0.00,770.20,172.13,3.47,5.51,0.20,20.00
3.18,4.88,3.05,3.01,12.00,0.00,770.52,177.41,3.34,5.68,0.20,20.00
3.22,4.88,3.05,3.01,12.00,0.00,770.20,178.05,3.33,5.70,0.20,20.00
3.26,4.88,3.07,3.01,12.00,0.00,770.20,184.06,3.18,5.89,0.20,20.00
3.29,4.88,3.07,3.01,12.00,0.00,770.31,185.33,3.16,5.93,0.20,20.00
3.33,4.88,3.07,3.01,12.00,0.00,770.20,184.38,3.18,5.90,0.20,20.00
3.36,4.88,3.09,3.01,12.00,0.00,769.99,190.72,3.04,6.10,0.20,20.00
3.40,4.88,3.09,3.01,12.00,0.00,770.41,191.88,3.02,6.14,0.20,20.00
3.44,4.88,3.11,3.01,12.00,0.00,770.52,197.16,2.91,6.31,0.20,20.00
3.47,4.88,3.11,3.01,12.00,0.00,769.78,196.10,2.93,6.28,0.20,20.00
3.51,4.89,3.12,3.01,12.00,0.00,774.32,202.43,2.83,6.48,0.20,20.00
3.54,4.90,3.13,3.01,12.00,0.00,776.85,203.81,2.81,6.52,0.20,20.00
3.58,4.90,3.15,3.01,12.00,0.00,776.74,209.82,2.70,6.71,0.20,20.00
3.62,4.90,3.15,3.01,12.00,0.00,776.96,210.99,2.68,6.75,0.20,20.00
3.65,4.90,3.16,3.01,12.00,0.00,776.96,215.31,2.61,6.89,0.20,20.00
3.69,4.90,3.17,3.01,12.00,0.00,776.85,216.05,2.60,6.91,0.20,20.00
3.72,4.90,3.18,3.01,12.00,0.00,777.06,221.44,2.51,7.09,0.20,20.00
3.76,4.90,3.19,3.01,12.00,0.00,776.22,223.34,2.48,7.15,0.20,20.00
3.80,4.90,3.20,3.01,12.00,0.00,777.27,226.50,2.43,7.25,0.20,20.00
3.83,4.90,3.21,3.01,12.00,0.00,776.74,230.52,2.37,7.38,0.20,20.00
3.87,4.90,3.22,3.01,12.00,0.00,777.27,234.11,2.32,7.49,0.20,20.00
3.90,4.90,3.22,3.02,12.00,0.00,776.32,233.58,2.32,7.47,0.20,20.00
3.94,4.90,3.24,3.01,12.00,0.00,776.43,239.91,2.24,7.68,0.20,20.00
3.98,4.89,3.25,3.01,12.00,0.00,775.90,242.55,2.20,7.76,0.20,20.00
4.01,4.90,3.25,3.01,12.00,0.00,776.43,242.97,2.20,7.78,0.20,20.00
4.05,4.90,3.26,3.01,12.00,0.00,776.53,244.66,2.17,7.83,0.20,20.00
4.08,4.90,3.27,3.01,12.00,0.00,776.43,248.99,2.12,7.97,0.20,20.00
4.12,4.90,3.27,3.01,12.00,0.00,776.32,250.47,2.10,8.02,0.20,20.00
4.16,4.90,3.28,3.01,12.00,0.00,776.53,253.85,2.06,8.12,0.20,20.00
4.19,4.90,3.29,3.01,12.00,0.00,776.96,257.33,2.02,8.23,0.20,20.00
4.23,4.90,3.31,3.01,12.00,0.00,776.74,261.55,1.97,8.37,0.20,20.00
4.26,4.90,3.31,3.01,12.00,0.00,777.27,263.03,1.96,8.42,0.20,20.00
4.30,4.90,3.33,3.01,12.00,0.00,776.85,267.36,1.91,8.56,0.20,20.00
4.34,4.90,3.33,3.01,12.00,0.00,776.96,268.42,1.89,8.59,0.20,20.00
4.37,4.90,3.35,3.01,12.00,0.00,777.48,274.01,1.84,8.77,0.20,20.00
4.41,4.90,3.35,3.01,12.00,0.00,776.53,274.75,1.83,8.79,0.20,20.00
4.45,4.90,3.36,3.01,12.00,0.00,776.96,279.61,1.78,8.95,0.20,20.00
4.48,4.90,3.37,3.01,12.00,0.00,776.96,282.35,1.75,9.04,0.20,20.00
4.52,4.90,3.38,3.01,12.00,0.00,777.06,285.62,1.72,9.14,0.20,20.00
4.55,4.90,3.39,3.01,12.00,0.00,776.53,287.52,1.70,9.20,0.20,20.00
4.59,4.90,3.40,3.01,12.00,0.00,776.96,293.01,1.65,9.38,0.20,20.00
4.62,4.90,3.41,3.01,12.00,0.00,776.22,293.65,1.64,9.40,0.20,20.00
4.66,4.90,3.42,3.02,12.00,0.00,777.17,298.50,1.60,9.55,0.20,20.00
4.70,4.90,3.42,3.01,12.00,0.00,776.11,299.45,1.59,9.58,0.20,20.00
4.73,4.90,3.43,3.01,12.00,0.00,776.32,302.73,1.56,9.69,0.20,20.00
4.77,4.90,3.45,3.01,12.00,0.00,776.43,306.42,1.53,9.81,0.20,20.00
4.80,4.90,3.45,3.01,12.00,0.00,776.96,308.85,1.52,9.88,0.20,20.00
4.84,4.90,3.47,3.01,12.00,0.00,776.53,313.92,1.47,10.05,0.20,20.00
4.88,4.90,3.47,3.01,12.00,0.00,776.74,315.40,1.46,10.09,0.20,20.00
4.91,4.90,3.49,3.01,12.00,0.00,776.85,319.94,1.43,10.24,0.20,20.00
4.95,4.90,3.49,3.01,12.00,0.00,776.96,320.57,1.42,10.26,0.20,20.00
4.98,4.90,3.50,3.01,12.00,0.00,776.85,325.32,1.39,10.41,0.20,20.00
5.02,4.90,3.51,3.02,12.00,0.00,776.53,326.69,1.38,10.45,0.20,20.00
5.06,4.90,3.52,3.01,12.00,0.00,777.06,331.02,1.35,10.59,0.20,20.00
5.09,4.90,3.53,3.01,12.00,0.00,776.85,332.82,1.33,10.65,0.20,20.00
5.13,4.90,3.54,3.01,12.00,0.00,776.64,338.52,1.29,10.83,0.20,20.00
5.16,4.90,3.55,3.01,12.00,0.00,776.96,340.21,1.28,10.89,0.20,20.00
5.20,4.90,3.55,3.01,12.00,0.00,776.96,340.31,1.28,10.89,0.20,20.00
5.24,4.90,3.56,3.02,12.00,0.00,776.64,344.43,1.25,11.02,0.20,20.00
5.27,4.90,3.57,3.01,12.00,0.00,777.06,345.48,1.25,11.06,0.20,20.00
5.31,4.90,3.58,3.01,12.00,0.00,776.43,351.18,1.21,11.24,0.20,20.00
5.34,4.90,3.58,3.01,12.00,0.00,776.74,351.40,1.21,11.24,0.20,20.00
5.38,4.90,3.60,3.01,12.00,0.00,776.85,357.62,1.17,11.44,0.20,20.00
5.42,4.90,3.61,3.01,12.00,0.00,776.85,358.26,1.17,11.46,0.20,20.00
5.45,4.90,3.62,3.01,12.00,0.00,776.32,362.69,1.14,11.61,0.20,20.00
5.49,4.90,3.63,3.01,12.00,0.00,776.85,365.54,1.13,11.70,0.20,20.00
5.53,4.90,3.64,3.01,12.00,0.00,776.53,369.13,1.10,11.81,0.20,20.00
5.56,4.90,3.64,3.02,12.00,0.00,777.06,370.61,1.10,11.86,0.20,20.00
5.60,4.90,3.66,3.01,12.00,0.00,776.64,375.68,1.07,12.02,0.20,20.00
5.63,4.90,3.66,3.01,12.00,0.00,776.53,377.05,1.06,12.07,0.20,20.00
5.67,4.90,3.67,3.02,12.00,0.00,776.96,380.64,1.04,12.18,0.20,20.00
5.71,4.90,3.68,3.01,12.00,0.00,776.64,383.07,1.03,12.26,0.20,20.00
5.74,4.90,3.70,3.01,12.00,0.00,776.74,387.18,1.01,12.39,0.20,20.00
5.78,4.90,3.71,3.02,12.00,0.00,776.96,390.56,0.99,12.50,0.20,20.00
5.81,4.90,3.71,3.02,12.00,0.00,777.17,392.25,0.98,12.55,0.20,20.00
5.85,4.90,3.73,3.01,12.00,0.00,776.85,397.11,0.96,12.71,0.20,20.00
5.89,4.90,3.73,3.02,12.00,0.00,776.74,397.43,0.95,12.72,0.20,20.00
5.92,4.90,3.74,3.01,12.00,0.00,777.17,401.86,0.93,12.86,0.20,20.00
5.96,4.90,3.75,3.01,12.00,0.00,777.06,404.50,0.92,12.94,0.20,20.00
5.99,4.90,3.76,3.01,12.00,0.00,776.85,408.62,0.90,13.08,0.20,20.00
6.03,4.90,3.77,3.01,12.00,0.00,776.74,410.73,0.89,13.14,0.20,20.00
6.07,4.90,3.78,3.01,12.00,0.00,777.06,415.16,0.87,13.29,0.20,20.00
6.10,4.90,3.79,3.01,12.00,0.00,776.85,416.43,0.87,13.33,0.20,20.00
6.14,4.90,3.80,3.02,12.00,0.00,777.06,420.33,0.85,13.45,0.20,20.00
6.18,4.90,3.80,3.01,12.00,0.00,777.06,422.13,0.84,13.51,0.20,20.00
6.21,4.89,3.82,3.01,12.00,0.00,774.95,426.35,0.82,13.64,0.20,20.00
6.25,4.88,3.82,3.01,12.00,0.00,770.83,429.20,0.80,13.73,0.20,20.00
6.28,4.88,3.82,3.01,12.00,0.00,770.20,429.20,0.79,13.73,0.20,20.00
6.32,4.88,3.84,3.01,11.99,0.00,770.09,435.64,0.77,13.94,0.20,20.00
6.36,4.88,3.85,3.01,11.98,0.00,770.52,436.38,0.77,13.96,0.20,20.00
6.39,4.88,3.86,3.01,11.91,0.00,770.09,440.60,0.75,14.10,0.20,20.00
6.43,4.88,3.86,3.01,11.89,0.00,769.99,442.19,0.74,14.15,0.20,20.00
6.46,4.88,3.88,3.01,11.83,0.00,769.78,446.09,0.73,14.28,0.20,20.00
6.50,4.88,3.88,3.01,11.80,0.00,770.31,448.10,0.72,14.34,0.20,20.00
6.53,4.88,3.90,3.01,11.73,0.00,770.52,452.85,0.70,14.49,0.20,20.00
6.57,4.88,3.91,3.01,11.66,0.00,770.20,457.81,0.68,14.65,0.20,20.00
6.61,4.88,3.92,3.02,11.61,0.00,770.52,461.19,0.67,14.76,0.20,20.00
6.64,4.87,3.93,3.01,11.59,0.00,769.14,462.35,0.66,14.80,0.20,20.00
6.68,4.86,3.94,3.02,11.54,0.00,765.34,466.36,0.64,14.92,0.20,20.00
6.71,4.86,3.95,3.02,11.51,0.00,763.97,468.26,0.63,14.98,0.20,20.00
6.75,4.86,3.96,3.01,11.44,0.00,764.50,472.49,0.62,15.12,0.20,20.00
6.79,4.86,3.97,3.01,11.41,0.00,764.08,474.91,0.61,15.20,0.20,20.00
6.82,4.85,3.98,3.01,11.35,0.00,759.85,479.14,0.59,15.33,0.20,20.00
6.86,4.84,3.99,3.01,11.32,0.00,757.74,481.25,0.57,15.40,0.20,20.00
6.90,4.83,4.00,3.01,11.27,0.00,754.68,484.63,0.56,15.51,0.20,20.00
6.93,4.82,4.00,3.01,11.23,0.00,751.41,487.06,0.54,15.59,0.20,20.00
6.97,4.81,4.01,3.02,11.20,0.00,750.04,489.17,0.53,15.65,0.20,20.00
7.00,4.80,4.02,3.01,11.13,0.00,745.81,493.81,0.51,15.80,0.20,20.00
7.04,4.80,4.04,3.01,11.05,0.00,745.07,499.41,0.49,15.98,0.20,20.00
7.08,4.80,4.04,3.01,11.05,0.00,744.86,499.30,0.49,15.98,0.20,20.00
7.11,4.78,4.06,3.01,10.96,0.00,739.90,505.74,0.46,16.18,0.20,20.00
7.15,4.78,4.06,3.01,10.95,0.00,738.42,506.38,0.46,16.20,0.20,20.00
7.18,4.77,4.08,3.01,10.87,0.00,734.41,511.65,0.44,16.37,0.20,20.00
7.22,4.76,4.08,3.01,10.85,0.00,732.51,512.60,0.43,16.40,0.20,20.00
7.26,4.75,4.10,3.01,10.77,0.00,728.39,518.09,0.41,16.58,0.20,20.00
7.29,4.74,4.10,3.01,10.75,0.00,726.07,519.57,0.40,16.63,0.20,20.00
7.33,4.73,4.11,3.02,10.70,0.00,723.22,522.95,0.38,16.73,0.20,20.00
7.36,4.72,4.12,3.01,10.66,0.00,719.74,525.48,0.37,16.82,0.20,20.00
7.40,4.72,4.13,3.01,10.63,0.00,717.94,527.81,0.36,16.89,0.20,20.00
7.44,4.70,4.15,3.01,10.55,0.00,712.35,533.61,0.33,17.08,0.20,20.00
7.47,4.68,4.16,3.02,10.48,0.00,707.81,537.94,0.32,17.21,0.20,20.00
7.51,4.68,4.16,3.01,10.48,0.00,707.49,538.05,0.31,17.22,0.20,20.00
7.55,4.68,4.18,3.01,10.39,0.00,706.65,544.49,0.30,17.42,0.20,20.00
7.58,4.67,4.18,3.01,10.38,0.00,701.79,544.59,0.29,17.43,0.20,20.00
7.62,4.65,4.20,3.02,10.30,0.00,696.51,549.98,0.27,17.60,0.20,20.00
7.65,4.64,4.20,3.01,10.29,0.00,694.29,550.93,0.26,17.63,0.20,20.00
7.69,4.63,4.22,3.01,10.22,0.00,690.28,555.99,0.24,17.79,0.20,20.00
7.73,4.62,4.23,3.01,10.14,0.00,687.85,560.85,0.23,17.95,0.20,20.00
7.76,4.61,4.24,3.01,10.10,0.00,685.21,563.60,0.22,18.04,0.20,20.00
7.80,4.60,4.25,3.01,10.07,0.00,679.83,566.23,0.20,18.12,0.00,20.00
7.83,4.58,4.26,3.01,10.01,0.00,675.50,569.72,0.19,18.23,0.00,20.00
7.87,4.58,4.26,3.01,9.99,0.00,674.02,571.30,0.18,18.28,0.00,20.00
7.91,4.57,4.28,3.01,9.92,0.00,669.17,576.05,0.16,18.43,0.00,20.00
7.94,4.55,4.30,3.02,9.83,0.00,663.36,582.28,0.14,18.63,0.00,20.00
7.98,4.54,4.30,3.01,9.82,0.00,661.46,583.13,0.13,18.66,0.00,20.00
8.01,4.53,4.32,3.01,9.74,0.00,657.55,588.62,0.12,18.84,0.00,20.00
8.05,4.52,4.33,3.01,9.66,0.00,655.23,593.79,0.10,19.00,0.00,20.00
8.09,4.51,4.34,3.01,9.62,0.00,651.75,596.74,0.09,19.10,0.00,20.00
8.12,4.49,4.35,3.01,9.57,0.00,644.78,600.12,0.07,19.20,0.00,20.00
8.16,4.48,4.37,3.01,9.47,0.00,640.98,606.35,0.06,19.40,0.00,20.00
8.19,4.47,4.38,3.01,9.45,0.00,636.76,608.15,0.05,19.46,0.00,20.00
8.23,4.46,4.39,3.01,9.40,0.00,634.54,611.21,0.04,19.56,0.00,20.00
8.27,4.45,4.40,3.02,9.35,0.00,630.42,615.01,0.03,19.68,0.00,20.00
8.30,4.44,4.40,3.02,9.33,0.00,629.79,615.96,0.02,19.71,0.00,20.00
8.34,4.44,4.41,3.01,9.30,0.00,629.05,618.39,0.02,19.79,0.00,20.00
8.37,4.44,4.42,3.01,9.25,0.00,629.47,621.77,0.01,19.90,0.00,20.00
8.41,4.44,4.42,3.01,9.24,0.00,628.63,622.40,0.01,19.92,0.00,20.00
8.44,4.44,4.42,3.01,9.24,0.00,629.37,622.50,0.01,19.92,0.00,20.00
8.48,4.44,4.42,3.02,9.24,0.00,629.68,622.40,0.01,19.92,0.00,20.00
8.52,4.44,4.42,3.01,9.23,0.00,628.84,622.72,0.01,19.93,0.00,20.00
8.55,4.44,4.42,3.01,9.23,0.00,629.58,622.93,0.01,19.93,0.00,20.00
8.59,4.44,4.42,3.01,9.24,0.00,629.16,622.40,0.01,19.92,0.00,20.00
8.62,4.44,4.43,3.01,9.19,0.00,629.16,625.99,0.01,20.03,0.00,20.00
8.66,4.44,4.44,3.01,9.14,0.00,629.47,628.84,0.00,20.12,0.00,20.00
8.70,4.44,4.44,3.01,9.15,0.00,629.68,628.73,0.00,20.12,0.00,20.00
8.73,4.44,4.44,3.01,9.14,0.00,629.16,629.26,-0.00,20.14,0.00,20.00
8.77,4.44,4.44,3.01,9.14,0.00,629.26,629.26,0.00,20.14,0.00,20.00
8.80,4.44,4.44,3.01,9.15,0.00,628.73,628.63,0.00,20.12,0.00,20.00
8.84,4.44,4.44,3.01,9.14,0.00,629.58,629.16,0.00,20.13,0.00,20.00
8.88,4.44,4.44,3.01,9.15,0.00,629.37,628.63,0.00,20.12,0.00,20.00
8.91,4.44,4.44,3.01,9.14,0.00,629.58,629.05,0.00,20.13,0.00,20.00
8.95,4.44,4.44,3.02,9.14,0.00,629.68,629.26,0.00,20.14,0.00,20.00
8.98,4.44,4.44,3.01,9.13,0.00,628.84,629.47,-0.00,20.14,0.00,20.00
9.02,4.44,4.44,3.01,9.14,0.00,629.37,629.05,0.00,20.13,0.00,20.00
9.05,4.44,4.44,3.01,9.14,0.00,629.47,629.37,0.00,20.14,0.00,20.00
9.09,4.44,4.44,3.02,9.14,0.00,629.68,629.05,0.00,20.13,0.00,20.00
9.13,4.44,4.44,3.01,9.13,0.00,628.84,629.58,-0.00,20.15,0.00,20.00
9.16,4.44,4.44,3.01,9.13,0.00,629.79,629.58,0.00,20.15,0.00,20.00
9.20,4.44,4.44,3.01,9.14,0.00,628.73,629.26,-0.00,20.14,0.00,20.00
9.23,4.44,4.44,3.01,9.14,0.00,629.37,629.26,0.00,20.14,0.00,20.00
9.27,4.44,4.44,3.01,9.13,0.00,629.58,629.47,0.00,20.14,0.00,20.00
9.30,4.44,4.44,3.02,9.14,0.00,629.79,629.05,0.00,20.13,0.00,20.00
9.34,4.44,4.44,3.02,9.14,0.00,629.58,629.16,0.00,20.13,0.00,20.00
9.38,4.44,4.44,3.01,9.13,0.00,628.73,629.47,-0.00,20.14,0.00,20.00
9.41,4.44,4.44,3.01,9.14,0.00,628.73,629.16,-0.00,20.13,0.00,20.00
9.45,4.46,4.44,3.01,9.14,0.00,633.70,628.84,0.01,20.12,0.00,20.00
9.48,4.46,4.44,3.01,9.13,0.00,635.60,629.47,0.01,20.14,0.00,20.00
9.52,4.46,4.44,3.02,9.14,0.00,635.38,628.84,0.01,20.12,0.00,20.00
9.56,4.46,4.44,3.01,9.13,0.00,635.91,629.68,0.01,20.15,0.00,20.00
9.59,4.46,4.46,3.01,9.07,0.00,635.28,634.01,0.00,20.29,0.00,20.00
9.63,4.46,4.46,3.01,9.04,0.00,635.81,635.60,0.00,20.34,0.00,20.00
9.67,4.46,4.46,3.02,9.04,0.00,636.02,635.60,0.00,20.34,0.00,20.00
9.70,4.46,4.46,3.01,9.04,0.00,633.80,635.81,-0.00,20.35,0.00,20.00
9.74,4.45,4.46,3.02,9.05,0.00,630.32,635.38,-0.01,20.33,0.00,20.00
9.77,4.44,4.46,3.01,9.04,0.00,629.47,636.12,-0.01,20.36,0.00,20.00
9.81,4.44,4.45,3.01,9.08,0.00,628.94,633.27,-0.01,20.26,0.00,20.00
9.84,4.44,4.45,3.02,9.12,0.00,629.47,630.21,-0.00,20.17,0.00,20.00
9.88,4.44,4.44,3.02,9.13,0.00,629.89,629.79,0.00,20.15,0.00,20.00
9.92,4.44,4.44,3.01,9.14,0.00,629.26,629.26,0.00,20.14,0.00,20.00
9.95,4.44,4.44,3.02,9.14,0.00,629.89,629.37,0.00,20.14,0.00,20.00
9.99,4.44,4.44,3.01,9.13,0.00,629.05,629.79,-0.00,20.15,0.00,20.00
10.02,4.44,4.44,3.01,0.00,0.00,629.16,628.94,0.00,20.13,-0.20,0.00
10.06,4.45,4.44,3.02,0.00,0.00,632.96,629.47,0.01,20.14,-0.20,0.00
10.09,4.41,4.44,3.01,0.00,0.00,619.44,629.37,-0.02,20.14,-0.20,0.00
10.13,4.29,4.44,3.01,0.00,0.00,579.33,629.47,-0.08,20.14,-0.20,0.00
10.17,4.16,4.43,3.01,0.00,0.00,538.05,625.14,-0.14,20.00,-0.20,0.00
10.20,4.02,4.43,3.02,0.00,0.00,493.92,623.88,-0.21,19.96,-0.20,0.00
10.24,3.92,4.41,3.01,0.00,0.00,459.61,618.92,-0.26,19.81,-0.20,0.00
10.27,3.81,4.40,3.01,12.00,0.00,424.24,617.01,-0.31,19.74,-0.20,0.00
10.31,3.70,4.39,3.02,12.00,0.00,388.35,613.74,-0.37,19.64,-0.20,0.00
10.35,3.64,4.38,3.01,12.00,0.00,370.40,607.62,-0.39,19.44,-0.20,0.00
10.38,3.71,4.37,3.01,12.00,0.00,390.67,604.66,-0.35,19.35,-0.20,0.00
10.42,3.83,4.36,3.01,0.00,0.00,430.36,602.34,-0.29,19.27,-0.20,0.00
10.45,3.93,4.35,3.02,0.00,0.00,464.67,598.33,-0.22,19.15,-0.20,0.00
10.49,4.07,4.34,3.01,0.00,0.00,510.18,596.53,-0.14,19.09,-0.20,0.00
10.53,4.07,4.33,3.01,0.00,0.00,507.85,592.10,-0.14,18.95,-0.20,0.00
10.56,3.97,4.32,3.01,0.00,0.00,476.92,591.04,-0.19,18.91,-0.20,0.00
10.60,3.87,4.31,3.01,0.00,0.00,443.24,585.87,-0.24,18.75,-0.20,0.00
10.63,3.76,4.29,3.01,12.00,0.00,407.35,579.64,-0.30,18.55,-0.20,0.00
10.67,3.66,4.28,3.01,12.00,0.00,374.62,578.06,-0.35,18.50,-0.20,0.00
10.71,3.64,4.27,3.02,12.00,0.00,369.55,574.15,-0.36,18.37,-0.20,0.00
10.74,3.73,4.26,3.01,12.00,0.00,399.54,571.30,-0.30,18.28,-0.20,0.00
10.78,3.86,4.26,3.01,0.00,0.00,441.77,568.98,-0.22,18.21,-0.20,0.00
10.82,4.00,4.25,3.01,0.00,0.00,485.79,565.39,-0.14,18.09,-0.20,0.00
10.85,4.08,4.24,3.01,0.00,0.00,511.55,564.23,-0.09,18.06,-0.20,0.00
10.89,4.06,4.23,3.01,0.00,0.00,504.90,559.06,-0.10,17.89,-0.20,0.00
10.92,3.97,4.21,3.01,0.00,0.00,476.08,553.88,-0.14,17.72,-0.20,0.00
10.96,3.85,4.20,3.02,0.00,0.00,438.60,552.40,-0.21,17.68,-0.20,0.00
11.00,3.74,4.19,3.01,0.00,0.00,400.49,546.60,-0.27,17.49,-0.20,0.00
11.03,3.64,4.19,3.01,12.00,0.00,370.29,546.07,-0.32,17.47,-0.20,0.00
11.07,3.55,4.17,3.02,12.00,0.00,340.31,541.32,-0.37,17.32,-0.20,0.00
11.11,3.47,4.15,3.01,12.00,0.00,313.18,534.99,-0.41,17.12,-0.20,0.00
11.14,3.47,4.15,3.01,12.00,0.00,315.71,533.82,-0.41,17.08,-0.20,0.00
11.18,3.59,4.13,3.01,12.00,0.00,352.98,529.07,-0.33,16.93,-0.20,0.00
11.21,3.71,4.13,3.01,0.00,0.00,393.10,526.86,-0.25,16.86,-0.20,0.00
11.25,3.86,4.12,3.01,0.00,0.00,440.50,524.01,-0.16,16.77,-0.20,0.00
11.29,3.96,4.11,3.01,0.00,0.00,473.12,521.68,-0.09,16.69,-0.20,0.00
11.32,3.95,4.10,3.01,0.00,0.00,468.69,518.83,-0.10,16.60,-0.20,0.00
11.36,3.85,4.09,3.01,0.00,0.00,438.81,515.14,-0.15,16.48,-0.20,0.00
11.39,3.75,4.07,3.01,0.00,0.00,406.40,509.12,-0.20,16.29,-0.20,0.00
11.43,3.66,4.07,3.02,0.00,0.00,375.78,507.85,-0.26,16.25,-0.20,0.00
11.47,3.56,4.05,3.01,12.00,0.00,343.90,502.89,-0.32,16.09,-0.20,0.00
11.50,3.48,4.05,3.01,12.00,0.00,316.13,500.89,-0.37,16.03,-0.20,0.00
11.54,3.50,4.03,3.02,12.00,0.00,323.63,496.56,-0.35,15.89,-0.20,0.00
11.57,3.61,4.02,3.01,0.00,0.00,358.05,493.92,-0.28,15.81,-0.20,0.00
11.61,3.75,4.01,3.02,0.00,0.00,404.92,490.86,-0.18,15.71,-0.20,0.00
11.65,3.83,4.00,3.01,0.00,0.00,430.15,485.26,-0.11,15.53,-0.20,0.00
11.68,3.80,3.99,3.01,0.00,0.00,422.55,483.04,-0.13,15.46,-0.20,0.00
11.72,3.73,3.98,3.01,0.00,0.00,398.48,479.88,-0.17,15.36,-0.20,0.00
11.75,3.64,3.97,3.02,0.00,0.00,368.60,476.08,-0.23,15.23,-0.20,0.00
11.79,3.57,3.97,3.01,0.00,0.00,345.27,475.34,-0.27,15.21,-0.20,0.00
11.83,3.47,3.95,3.01,12.00,0.00,313.71,470.80,-0.33,15.07,-0.20,0.00
11.86,3.39,3.93,3.02,12.00,0.00,288.37,464.15,-0.38,14.85,-0.20,0.00
11.90,3.43,3.93,3.01,12.00,0.00,302.09,462.04,-0.35,14.79,-0.20,0.00
11.93,3.56,3.91,3.02,0.00,0.00,344.85,457.60,-0.25,14.64,-0.20,0.00
11.97,3.72,3.91,3.01,0.00,0.00,395.31,455.81,-0.13,14.59,-0.20,0.00
12.01,3.79,3.90,3.01,0.00,0.00,417.38,452.64,-0.08,14.48,-0.20,0.00
12.04,3.75,3.88,3.01,0.00,0.00,403.76,446.31,-0.10,14.28,-0.20,0.00
12.08,3.67,3.87,3.01,0.00,0.00,380.22,444.19,-0.14,14.21,-0.20,0.00
12.12,3.58,3.86,3.01,0.00,0.00,351.29,440.08,-0.20,14.08,-0.20,0.00
12.15,3.51,3.85,3.01,0.00,0.00,327.33,438.28,-0.25,14.03,-0.20,0.00
12.19,3.43,3.84,3.01,12.00,0.00,302.62,435.75,-0.31,13.94,-0.20,0.00
12.22,3.36,3.83,3.01,12.00,0.00,277.92,431.74,-0.36,13.82,-0.20,0.00
12.26,3.30,3.83,3.01,12.00,0.00,260.39,430.47,-0.40,13.78,-0.20,0.00
12.30,3.36,3.81,3.01,12.00,0.00,277.28,423.92,-0.35,13.57,-0.20,0.00
12.33,3.51,3.81,3.01,0.00,0.00,325.85,424.45,-0.23,13.58,-0.20,0.00
12.37,3.67,3.79,3.01,0.00,0.00,379.69,419.49,-0.09,13.42,-0.20,0.00
12.40,3.82,3.79,3.02,0.00,0.00,428.15,417.48,0.03,13.36,-0.20,0.00
12.44,3.83,3.80,3.01,0.00,0.00,431.00,421.28,0.02,13.48,-0.20,0.00
12.48,3.76,3.79,3.01,0.00,0.00,408.62,418.54,-0.02,13.39,-0.20,0.00
12.51,3.67,3.79,3.01,0.00,0.00,378.84,417.06,-0.09,13.35,-0.20,0.00
12.55,3.58,3.78,3.01,0.00,0.00,351.08,413.79,-0.15,13.24,-0.20,0.00
12.59,3.50,3.77,3.02,0.00,0.00,322.79,410.94,-0.21,13.15,-0.20,0.00
12.62,3.42,3.76,3.01,0.00,0.00,296.82,407.24,-0.27,13.03,-0.20,0.00
12.66,3.36,3.75,3.02,12.00,0.00,277.07,404.39,-0.31,12.94,-0.20,0.00
12.69,3.29,3.74,3.02,12.00,0.00,256.49,402.70,-0.36,12.89,-0.20,0.00
12.73,3.27,3.72,3.01,12.00,0.00,250.05,396.05,-0.37,12.67,-0.20,0.00
12.77,3.35,3.71,3.01,12.00,0.00,274.43,392.78,-0.30,12.57,-0.20,0.00
12.80,3.51,3.71,3.02,0.00,0.00,326.80,390.46,-0.16,12.49,-0.20,0.00
12.84,3.68,3.69,3.01,0.00,0.00,382.12,386.02,-0.01,12.35,-0.20,0.00
12.87,3.79,3.70,3.01,0.00,0.00,418.43,389.82,0.07,12.47,-0.20,0.00
12.91,3.79,3.71,3.01,0.00,0.00,418.65,391.62,0.07,12.53,-0.20,0.00
12.95,3.70,3.72,3.02,0.00,0.00,387.71,396.16,-0.02,12.68,-0.20,0.00
12.98,3.60,3.71,3.01,0.00,0.00,354.99,391.83,-0.09,12.54,-0.20,0.00
13.02,3.52,3.69,3.01,0.00,0.00,329.75,387.08,-0.15,12.39,-0.20,0.00
13.05,3.45,3.69,3.02,0.00,0.00,307.16,384.12,-0.20,12.29,-0.20,0.00
13.09,3.37,3.68,3.01,0.00,0.00,281.61,381.59,-0.26,12.21,-0.20,0.00
13.13,3.30,3.67,3.01,12.00,0.00,259.76,379.79,-0.32,12.15,-0.20,0.00
13.16,3.25,3.66,3.02,12.00,0.00,241.92,375.47,-0.36,12.01,-0.20,0.00
13.20,3.26,3.65,3.01,12.00,0.00,245.72,371.77,-0.34,11.90,-0.20,0.00
13.23,3.33,3.65,3.01,0.00,0.00,268.84,371.45,-0.28,11.89,-0.20,0.00
13.27,3.49,3.63,3.01,0.00,0.00,319.72,366.39,-0.13,11.72,-0.20,0.00
13.31,3.64,3.63,3.01,0.00,0.00,367.76,366.28,0.00,11.72,-0.20,0.00
13.34,3.64,3.63,3.01,0.00,0.00,367.76,365.54,0.01,11.70,-0.20,0.00
13.38,3.57,3.63,3.01,0.00,0.00,347.38,366.18,-0.05,11.72,-0.20,0.00
13.41,3.50,3.61,3.01,0.00,0.00,325.43,359.63,-0.10,11.51,-0.20,0.00
13.45,3.43,3.61,3.01,0.00,0.00,302.31,359.42,-0.16,11.50,-0.20,0.00
13.49,3.35,3.59,3.01,0.00,0.00,276.33,354.67,-0.22,11.35,-0.20,0.00
13.52,3.29,3.59,3.01,0.00,0.00,255.64,352.98,-0.28,11.30,-0.20,0.00
13.56,3.23,3.58,3.01,12.00,0.00,236.64,348.76,-0.32,11.16,-0.20,0.00
13.59,3.18,3.57,3.01,12.00,0.00,221.12,347.28,-0.36,11.11,-0.20,0.00
13.63,3.21,3.56,3.01,12.00,0.00,230.52,342.42,-0.33,10.96,-0.20,0.00
13.67,3.35,3.54,3.01,0.00,0.00,275.49,335.98,-0.18,10.75,-0.20,0.00
13.70,3.51,3.53,3.01,0.00,0.00,328.28,334.82,-0.02,10.71,-0.20,0.00
13.74,3.59,3.54,3.01,0.00,0.00,352.87,336.09,0.05,10.75,-0.20,0.00
13.78,3.58,3.55,3.01,0.00,0.00,349.18,339.99,0.03,10.88,-0.20,0.00
13.81,3.50,3.54,3.01,0.00,0.00,324.05,337.46,-0.04,10.80,-0.20,0.00
13.85,3.43,3.53,3.01,0.00,0.00,301.25,334.50,-0.10,10.70,-0.20,0.00
13.88,3.35,3.53,3.01,0.00,0.00,276.86,332.60,-0.17,10.64,-0.20,0.00
13.92,3.31,3.51,3.01,0.00,0.00,261.03,327.85,-0.20,10.49,-0.20,0.00
13.96,3.25,3.51,3.01,0.00,0.00,241.50,327.11,-0.26,10.47,-0.20,0.00
13.99,3.19,3.49,3.01,12.00,0.00,222.49,321.52,-0.31,10.29,-0.20,0.00
14.03,3.15,3.49,3.01,12.00,0.00,209.19,321.31,-0.35,10.28,-0.20,0.00
14.07,3.21,3.47,3.01,0.00,0.00,228.93,315.61,-0.27,10.10,-0.20,0.00
14.10,3.36,3.46,3.01,0.00,0.00,279.71,310.86,-0.10,9.95,-0.20,0.00
14.14,3.43,3.46,3.01,0.00,0.00,300.09,312.02,-0.04,9.98,-0.20,0.00
14.17,3.41,3.46,3.01,0.00,0.00,296.18,310.22,-0.05,9.93,-0.20,0.00
14.21,3.36,3.45,3.01,0.00,0.00,278.55,307.06,-0.09,9.83,-0.20,0.00
14.25,3.30,3.44,3.01,0.00,0.00,259.87,305.47,-0.15,9.78,-0.20,0.00
14.28,3.25,3.42,3.01,0.00,0.00,244.13,299.03,-0.18,9.57,-0.20,0.00
14.32,3.20,3.41,3.01,0.00,0.00,225.45,294.81,-0.24,9.43,-0.20,0.00
14.35,3.15,3.41,3.01,0.00,0.00,211.41,293.54,-0.28,9.39,-0.20,0.00
14.39,3.12,3.39,3.01,12.00,0.00,201.06,289.32,-0.31,9.26,-0.20,0.00
14.43,3.08,3.39,3.01,12.00,0.00,188.29,288.69,-0.35,9.24,-0.20,0.00
14.46,3.04,3.37,3.01,12.00,0.00,174.25,282.46,-0.38,9.04,-0.20,0.00
14.50,3.12,3.37,3.02,3.37,0.00,199.69,282.14,-0.29,9.03,-0.20,0.00
14.53,3.29,3.35,3.01,0.00,0.00,255.01,276.23,-0.08,8.84,-0.20,0.00
14.57,3.45,3.36,3.01,0.00,0.00,308.53,280.03,0.10,8.96,-0.20,0.00
14.61,3.53,3.37,3.01,0.00,0.00,332.39,282.56,0.18,9.04,-0.20,0.00
14.64,3.48,3.38,3.01,0.00,0.00,316.56,285.52,0.11,9.14,-0.20,0.00
14.68,3.40,3.39,3.02,0.00,0.00,292.70,288.26,0.02,9.22,-0.20,0.00
14.71,3.33,3.38,3.01,0.00,0.00,268.10,284.15,-0.06,9.09,-0.20,0.00
14.75,3.27,3.37,3.01,0.00,0.00,250.26,282.99,-0.12,9.06,-0.20,0.00
14.79,3.21,3.36,3.01,0.00,0.00,230.83,279.61,-0.17,8.95,-0.20,0.00
14.82,3.17,3.35,3.01,0.00,0.00,217.43,276.55,-0.21,8.85,-0.20,0.00
14.86,3.13,3.35,3.01,0.00,0.00,205.50,273.91,-0.25,8.76,-0.20,0.00
14.89,3.10,3.34,3.02,1.45,0.00,193.99,270.74,-0.28,8.66,-0.20,0.00
14.93,3.06,3.31,3.01,12.00,0.00,182.38,263.98,-0.31,8.45,-0.20,0.00
14.97,3.04,3.31,3.01,12.00,0.00,174.25,262.29,-0.34,8.39,-0.20,0.00
15.00,3.13,3.30,3.01,0.00,0.00,203.81,258.49,-0.21,8.27,-0.20,0.00
15.04,3.30,3.29,3.01,0.00,0.00,258.60,256.59,0.01,8.21,-0.20,0.00
15.07,3.34,3.30,3.02,0.00,0.00,272.85,260.39,0.05,8.33,-0.20,0.00
15.11,3.31,3.31,3.01,0.00,0.00,261.03,261.77,-0.00,8.38,-0.20,0.00
15.15,3.26,3.30,3.01,0.00,0.00,245.09,258.28,-0.05,8.27,-0.20,0.00
15.18,3.20,3.29,3.01,0.00,0.00,226.19,257.44,-0.12,8.24,-0.20,0.00
15.22,3.16,3.28,3.01,0.00,0.00,213.62,253.85,-0.16,8.12,-0.20,0.00
15.25,3.12,3.27,3.01,0.00,0.00,200.11,250.47,-0.20,8.02,-0.20,0.00
15.29,3.08,3.26,3.01,0.00,0.00,188.82,246.88,-0.24,7.90,-0.20,0.00
15.32,3.05,3.25,3.01,0.00,0.00,176.99,242.02,-0.27,7.74,-0.20,0.00
15.36,3.02,3.23,3.01,3.40,0.00,169.71,238.01,-0.29,7.62,-0.20,0.00
15.40,2.98,3.23,3.01,12.00,0.00,156.19,237.48,-0.34,7.60,-0.20,0.00
15.43,2.96,3.22,3.01,12.00,0.00,149.12,232.31,-0.36,7.43,-0.20,0.00
15.47,2.97,3.21,3.01,12.00,0.00,151.97,230.73,-0.34,7.38,-0.20,0.00
15.50,3.08,3.19,3.01,0.00,0.00,188.82,224.18,-0.16,7.17,-0.20,0.00
15.54,3.24,3.19,3.01,0.00,0.00,239.17,224.18,0.07,7.17,-0.20,0.00
15.58,3.30,3.20,3.01,0.00,0.00,257.65,228.30,0.13,7.31,-0.20,0.00
15.61,3.25,3.21,3.01,0.00,0.00,244.45,230.52,0.06,7.38,-0.20,0.00
15.65,3.19,3.21,3.01,0.00,0.00,224.50,230.09,-0.02,7.36,-0.20,0.00
15.68,3.15,3.20,3.01,0.00,0.00,210.14,227.24,-0.08,7.27,-0.20,0.00
15.72,3.11,3.19,3.01,0.00,0.00,197.58,224.18,-0.12,7.17,-0.20,0.00
15.76,3.08,3.18,3.01,0.00,0.00,188.18,221.75,-0.15,7.10,-0.20,0.00
15.79,3.04,3.17,3.01,0.00,0.00,174.88,218.16,-0.20,6.98,-0.20,0.00
15.83,3.00,3.17,3.01,0.00,0.00,162.95,216.16,-0.25,6.92,-0.20,0.00
15.86,2.97,3.15,3.01,0.00,0.00,153.34,212.15,-0.28,6.79,-0.20,0.00
15.90,2.96,3.15,3.02,9.62,0.00,147.96,209.72,-0.29,6.71,-0.20,0.00
15.94,2.94,3.14,3.01,12.00,0.00,142.05,206.45,-0.31,6.61,-0.20,0.00
15.97,2.90,3.11,3.01,12.00,0.00,130.22,199.06,-0.35,6.37,-0.20,0.00
16.01,2.97,3.12,3.01,0.00,0.00,153.24,199.27,-0.23,6.38,-0.20,0.00
16.04,3.15,3.11,3.01,0.00,0.00,210.35,198.42,0.06,6.35,-0.20,0.00
16.08,3.20,3.11,3.01,0.00,0.00,226.29,197.37,0.15,6.32,-0.20,0.00
16.12,3.15,3.13,3.01,0.00,0.00,211.72,203.17,0.04,6.50,-0.20,0.00
16.15,3.11,3.13,3.01,0.00,0.00,196.63,203.91,-0.04,6.53,-0.20,0.00
16.19,3.07,3.12,3.01,0.00,0.00,184.17,201.06,-0.08,6.43,-0.20,0.00
16.22,3.03,3.10,3.01,0.00,0.00,171.71,194.62,-0.12,6.23,-0.20,0.00
16.26,3.01,3.09,3.01,0.00,0.00,164.01,191.98,-0.15,6.14,-0.20,0.00
16.30,2.97,3.08,3.01,0.00,0.00,153.77,188.39,-0.18,6.03,-0.20,0.00
16.33,2.95,3.08,3.01,0.00,0.00,147.33,187.23,-0.21,5.99,-0.20,0.00
16.37,2.93,3.07,3.01,0.00,0.00,139.09,183.64,-0.24,5.88,-0.20,0.00
16.40,2.91,3.05,3.01,0.00,0.00,133.71,177.84,-0.25,5.69,-0.20,0.00
16.44,2.90,3.04,3.01,0.00,0.00,128.22,173.51,-0.26,5.55,-0.20,0.00
16.48,2.88,3.03,3.01,4.22,0.00,123.15,173.09,-0.29,5.54,-0.20,0.00
16.51,2.86,3.02,3.01,12.00,0.00,116.50,168.44,-0.31,5.39,-0.20,0.00
16.55,2.84,3.01,3.01,12.00,0.00,109.85,166.01,-0.34,5.31,-0.20,0.00
16.59,2.94,3.00,3.01,0.00,0.00,141.20,162.63,-0.13,5.20,-0.20,0.00
16.62,3.08,3.01,3.01,0.00,0.00,189.24,164.74,0.15,5.27,-0.20,0.00
16.66,3.16,3.01,3.02,0.00,0.00,215.00,165.91,0.30,5.31,-0.20,0.00
16.69,3.14,3.02,3.01,0.00,0.00,208.13,168.55,0.23,5.39,-0.20,0.00
16.73,3.07,3.03,3.01,0.00,0.00,186.07,171.92,0.08,5.50,-0.20,0.00
16.77,3.03,3.03,3.01,0.00,0.00,170.34,172.87,-0.01,5.53,-0.20,0.00
16.80,2.99,3.02,3.01,0.00,0.00,158.52,169.39,-0.06,5.42,-0.20,0.00
16.84,2.97,3.02,3.02,0.00,0.00,153.55,167.28,-0.08,5.35,-0.20,0.00
16.87,2.96,3.01,3.01,0.00,0.00,147.54,164.96,-0.11,5.28,-0.20,0.00
16.91,2.93,3.00,3.01,0.00,0.00,140.25,160.94,-0.13,5.15,-0.20,0.00
16.95,2.92,2.98,3.01,0.00,0.00,134.66,154.50,-0.13,4.94,-0.20,0.00
16.98,2.90,2.98,3.01,0.00,0.00,129.38,154.19,-0.16,4.93,-0.20,0.00
17.02,2.88,2.96,3.01,0.00,0.00,122.30,147.96,-0.17,4.73,-0.20,0.00
17.05,2.86,2.95,3.01,0.00,0.00,117.24,146.90,-0.20,4.70,-0.20,0.00
17.09,2.84,2.94,3.01,0.00,0.00,111.54,142.79,-0.22,4.57,-0.20,0.00
17.13,2.83,2.92,3.01,0.00,0.00,107.31,136.77,-0.22,4.38,-0.20,0.00
17.16,2.82,2.92,3.01,0.00,0.00,102.14,135.08,-0.24,4.32,-0.20,0.00
17.20,2.81,2.90,3.01,0.00,0.00,99.08,130.43,-0.24,4.17,-0.20,0.00
17.23,2.80,2.90,3.01,0.00,0.00,96.65,128.11,-0.25,4.10,-0.20,0.00
17.27,2.79,2.89,3.01,0.00,0.00,93.91,125.58,-0.25,4.02,-0.20,0.00
17.31,2.78,2.88,3.01,0.00,0.00,92.32,122.20,-0.24,3.91,-0.20,0.00
17.34,2.77,2.87,3.01,0.00,0.00,88.10,121.04,-0.27,3.87,-0.20,0.00
17.38,2.77,2.86,3.01,0.00,0.00,88.63,116.82,-0.24,3.74,-0.20,0.00
17.41,2.76,2.84,3.01,0.00,0.00,84.40,109.64,-0.23,3.51,-0.20,0.00
17.45,2.76,2.83,3.01,0.00,0.00,83.03,108.48,-0.23,3.47,-0.20,0.00
17.49,2.76,2.82,3.01,0.00,0.00,82.72,103.94,-0.20,3.33,-0.20,0.00
17.52,2.76,2.82,3.01,0.00,0.00,83.03,102.67,-0.19,3.29,-0.20,0.00
17.56,2.74,2.81,3.01,0.00,0.00,78.49,98.87,-0.21,3.16,-0.20,0.00
17.59,2.74,2.78,3.01,0.00,0.00,76.38,91.79,-0.17,2.94,-0.20,0.00
17.63,2.73,2.77,3.01,0.00,0.00,75.22,87.89,-0.14,2.81,-0.20,0.00
17.66,2.74,2.77,3.01,0.00,0.00,77.12,88.10,-0.12,2.82,-0.20,0.00
17.70,2.73,2.76,3.01,0.00,0.00,75.85,84.51,-0.10,2.70,-0.20,0.00
17.74,2.73,2.75,3.01,0.00,0.00,75.11,80.71,-0.07,2.58,-0.20,0.00
17.77,2.73,2.74,3.01,0.00,0.00,75.54,77.44,-0.02,2.48,-0.20,0.00
17.81,2.72,2.73,3.01,0.00,0.00,71.00,75.01,-0.05,2.40,-0.20,0.00
17.84,2.72,2.72,3.01,0.00,0.00,70.15,71.84,-0.02,2.30,-0.20,0.00
17.88,2.71,2.71,3.01,0.00,0.00,67.30,69.52,-0.03,2.22,-0.20,0.00
17.92,2.70,2.71,3.01,0.00,0.00,63.92,68.36,-0.06,2.19,-0.20,0.00
17.95,2.69,2.70,3.01,0.00,0.00,62.23,63.18,-0.02,2.02,-0.20,0.00
17.99,2.70,2.70,3.01,0.00,0.00,63.92,63.92,0.00,2.05,-0.20,0.00
18.02,2.68,2.69,3.01,-0.92,0.00,59.07,62.23,-0.05,1.99,0.00,0.00
18.06,2.68,2.68,3.01,-0.88,0.00,58.12,59.49,-0.02,1.90,0.00,0.00
18.10,2.67,2.68,3.01,-0.84,0.00,56.01,56.85,-0.01,1.82,0.00,0.00
18.13,2.66,2.66,3.02,-0.78,0.00,51.89,52.73,-0.02,1.69,0.00,0.00
18.17,2.64,2.65,3.01,-0.73,0.00,45.77,49.46,-0.07,1.58,0.00,0.00
18.20,2.64,2.64,3.01,-0.68,0.00,45.03,46.08,-0.02,1.47,0.00,0.00
18.24,2.63,2.64,3.01,-0.64,0.00,43.34,43.76,-0.01,1.40,0.00,0.00
18.27,2.62,2.62,3.01,-0.59,0.00,39.75,40.06,-0.01,1.28,0.00,0.00
18.31,2.61,2.62,3.01,-0.56,0.00,37.00,38.38,-0.04,1.23,0.00,0.00
18.35,2.60,2.62,3.01,-0.55,0.00,32.78,37.43,-0.12,1.20,0.00,0.00
18.38,2.60,2.61,3.02,-0.50,0.00,31.09,34.26,-0.09,1.10,0.00,0.00
18.42,2.59,2.59,3.01,-0.45,0.00,30.46,30.46,0.00,0.97,0.00,0.00
18.45,2.58,2.60,3.01,-0.46,0.00,27.08,31.30,-0.13,1.00,0.00,0.00
18.49,2.58,2.58,3.01,-0.39,0.00,24.76,26.34,-0.06,0.84,0.00,0.00
18.52,2.57,2.58,3.01,-0.37,0.00,23.49,25.39,-0.07,0.81,0.00,0.00
18.56,2.57,2.57,3.01,-0.34,0.00,22.65,23.07,-0.02,0.74,0.00,0.00
18.59,2.56,2.55,3.01,-0.25,0.00,19.37,17.26,0.12,0.55,0.00,0.00
18.63,2.56,2.55,3.01,-0.26,0.00,18.74,17.68,0.06,0.57,0.00,0.00
18.67,2.56,2.55,3.01,-0.26,0.00,18.32,17.79,0.03,0.57,0.00,0.00
18.70,2.56,2.55,3.01,-0.25,0.00,18.32,16.94,0.08,0.54,0.00,0.00
18.74,2.55,2.56,3.01,-0.27,0.00,17.16,18.53,-0.07,0.59,0.00,0.00
18.77,2.55,2.54,3.01,-0.20,0.00,14.62,13.78,0.06,0.44,0.00,0.00
18.81,2.54,2.53,3.01,-0.16,0.00,11.45,10.93,0.05,0.35,0.00,0.00
18.85,2.54,2.54,3.01,-0.17,0.00,12.51,11.88,0.05,0.38,0.00,0.00
18.88,2.53,2.53,3.01,-0.16,0.00,11.14,10.61,0.05,0.34,0.00,0.00
18.92,2.54,2.54,3.01,-0.18,0.00,12.09,12.19,-0.01,0.39,0.00,0.00
18.95,2.53,2.53,3.01,-0.17,0.00,10.72,11.24,-0.05,0.36,0.00,0.00
18.99,2.54,2.54,3.01,-0.18,0.00,11.45,12.51,-0.08,0.40,0.00,0.00
19.02,2.53,2.54,3.01,-0.17,0.00,9.98,11.45,-0.13,0.37,0.00,0.00
19.06,2.52,2.52,3.02,-0.10,0.00,6.07,6.49,-0.07,0.21,0.00,0.00
19.09,2.52,2.51,3.01,-0.06,0.00,4.91,4.28,0.15,0.14,0.00,0.00
19.13,2.52,2.52,3.01,-0.08,0.00,5.86,5.33,0.10,0.17,0.00,0.00
19.17,2.51,2.51,3.01,-0.06,0.00,4.80,4.17,0.15,0.13,0.00,0.00
19.20,2.52,2.51,3.01,-0.06,0.00,6.70,4.28,0.57,0.14,0.00,0.00
19.24,2.51,2.51,3.01,-0.07,0.00,4.59,4.80,-0.04,0.15,0.00,0.00
19.27,2.52,2.52,3.01,-0.08,0.00,5.86,5.75,0.02,0.18,0.00,0.00
19.31,2.51,2.52,3.01,-0.08,0.00,4.06,5.12,-0.21,0.16,0.00,0.00
19.34,2.52,2.52,3.01,-0.09,0.00,6.49,5.86,0.11,0.19,0.00,0.00
19.38,2.51,2.52,3.01,-0.08,0.00,4.17,5.44,-0.23,0.17,0.00,0.00
19.41,2.52,2.52,3.01,-0.08,0.00,5.75,5.75,0.00,0.18,0.00,0.00
19.45,2.51,2.51,3.01,-0.06,0.00,4.06,4.17,-0.03,0.13,0.00,0.00
19.49,2.52,2.51,3.02,-0.06,0.00,5.44,3.96,0.37,0.13,0.00,0.00
19.52,2.52,2.51,3.01,-0.07,0.00,5.23,4.49,0.16,0.14,0.00,0.00
19.56,2.52,2.52,3.01,-0.08,0.00,5.96,5.23,0.14,0.17,0.00,0.00
19.59,2.51,2.52,3.01,-0.08,0.00,4.38,5.33,-0.18,0.17,0.00,0.00
19.63,2.52,2.52,3.01,-0.08,0.00,5.86,5.54,0.06,0.18,0.00,0.00
19.66,2.51,2.52,3.01,-0.08,0.00,4.28,5.23,-0.18,0.17,0.00,0.00
19.70,2.52,2.52,3.01,-0.08,0.00,5.12,5.65,-0.09,0.18,0.00,0.00
19.74,2.51,2.50,3.01,-0.00,0.00,3.96,0.16,10.00,0.01,0.00,0.00
19.77,2.50,2.50,3.01,0.02,0.00,0.58,-1.32,1.44,-0.04,0.00,0.00
19.81,2.50,2.49,3.01,0.03,0.00,-1.43,-2.16,0.34,-0.07,0.00,0.00
19.84,2.50,2.50,3.01,0.01,0.00,-0.48,-0.90,0.47,-0.03,0.00,0.00
19.88,2.50,2.49,3.01,0.04,0.00,-1.32,-2.48,0.47,-0.08,0.00,0.00
19.91,2.49,2.50,3.01,0.02,0.00,-2.16,-1.32,-0.64,-0.04,0.00,0.00
19.95,2.50,2.50,3.01,0.01,0.00,-1.11,-0.69,-0.62,-0.02,0.00,0.00
19.98,2.49,2.50,3.01,0.01,0.00,-1.74,-0.37,-3.71,-0.01,0.00,0.00
20.02,2.49,2.49,3.01,0.02,0.00,-1.85,-1.64,-0.13,-0.05,0.00,0.00
20.05,2.49,2.50,3.01,0.01,0.00,-1.85,-0.58,-2.18,-0.02,0.00,0.00
20.09,2.50,2.51,3.01,-0.05,0.00,-1.43,3.43,-1.42,0.11,0.00,0.00
20.12,2.51,2.51,3.01,-0.06,0.00,2.80,3.85,-0.27,0.12,0.00,0.00
20.16,2.50,2.51,3.01,-0.07,0.00,1.32,4.59,-0.71,0.15,0.00,0.00
20.20,2.50,2.50,3.01,0.00,0.00,-0.79,-0.16,-4.00,-0.01,0.00,0.00
20.23,2.50,2.50,3.01,0.01,0.00,-0.26,-1.00,0.74,-0.03,0.00,0.00
20.27,2.50,2.50,3.01,0.02,0.00,-0.69,-1.11,0.38,-0.04,0.00,0.00
20.30,2.50,2.50,3.01,0.01,0.00,-0.79,-0.58,-0.36,-0.02,0.00,0.00
20.34,2.49,2.49,3.01,0.02,0.00,-2.16,-1.64,-0.32,-0.05,0.00,0.00
20.37,2.50,2.50,3.01,0.00,0.00,-0.90,-0.26,-2.40,-0.01,0.00,0.00
20.41,2.49,2.50,3.01,0.01,0.00,-2.80,-0.69,-3.08,-0.02,0.00,0.00
20.45,2.49,2.50,3.01,0.02,0.00,-1.74,-1.43,-0.22,-0.05,0.00,0.00
20.48,2.50,2.49,3.01,0.03,0.00,-1.53,-2.27,0.33,-0.07,0.00,0.00
20.52,2.50,2.50,3.01,0.02,0.00,-0.79,-1.11,0.29,-0.04,0.00,0.00
20.55,2.49,2.49,3.01,0.03,0.00,-2.06,-2.27,0.09,-0.07,0.00,0.00
20.59,2.50,2.50,3.01,0.01,0.00,-0.58,-0.79,0.27,-0.03,0.00,0.00
20.62,2.49,2.49,3.01,0.03,0.00,-1.85,-1.85,0.00,-0.06,0.00,0.00
20.66,2.50,2.50,3.01,0.01,0.00,-0.69,-0.69,0.00,-0.02,0.00,0.00
20.70,2.49,2.50,3.01,0.01,0.00,-2.27,-0.58,-2.91,-0.02,0.00,0.00
20.73,2.50,2.50,3.01,-0.01,0.00,0.16,0.90,-0.82,0.03,0.00,0.00
20.77,2.51,2.51,3.01,-0.05,0.00,3.33,3.64,-0.09,0.12,0.00,0.00
20.80,2.52,2.51,3.01,-0.06,0.00,5.01,4.28,0.17,0.14,0.00,0.00
20.84,2.51,2.51,3.01,-0.06,0.00,2.06,4.17,-0.51,0.13,0.00,0.00
20.87,2.50,2.51,3.01,-0.04,0.00,0.79,2.90,-0.73,0.09,0.00,0.00
20.91,2.50,2.50,3.01,0.02,0.00,-1.43,-1.32,-0.08,-0.04,0.00,0.00
20.95,2.50,2.50,3.01,0.01,0.00,-0.37,-0.48,0.22,-0.02,0.00,0.00
20.98,2.49,2.49,3.01,0.03,0.00,-1.64,-1.85,0.11,-0.06,0.00,0.00
21.02,2.50,2.50,3.01,0.01,0.00,-1.00,-0.90,-0.12,-0.03,0.00,0.00
21.05,2.49,2.49,3.01,0.02,0.00,-2.27,-1.64,-0.39,-0.05,0.00,0.00
21.09,2.49,2.50,3.01,0.00,0.00,-1.64,-0.26,-5.20,-0.01,0.00,0.00
21.12,2.49,2.49,3.01,0.02,0.00,-1.85,-1.64,-0.13,-0.05,0.00,0.00
21.16,2.50,2.50,3.02,0.02,0.00,-1.43,-1.21,-0.17,-0.04,0.00,0.00
21.19,2.50,2.49,3.01,0.03,0.00,-1.53,-2.38,0.36,-0.08,0.00,0.00
21.23,2.51,2.50,3.01,0.01,0.00,4.38,-0.90,5.88,-0.03,0.00,0.00
21.26,2.52,2.51,3.01,-0.05,0.00,5.86,3.64,0.61,0.12,0.00,0.00
21.30,2.52,2.51,3.02,-0.06,0.00,5.44,4.38,0.24,0.14,0.00,0.00
21.33,2.52,2.51,3.01,-0.06,0.00,5.23,3.96,0.32,0.13,0.00,0.00
21.37,2.52,2.52,3.01,-0.08,0.00,5.86,5.54,0.06,0.18,0.00,0.00
21.41,2.52,2.52,3.01,-0.08,0.00,5.65,5.54,0.02,0.18,0.00,0.00
21.44,2.51,2.51,3.01,-0.04,0.00,4.59,3.01,0.53,0.10,0.00,0.00
21.48,2.50,2.50,3.01,0.01,0.00,-1.11,-0.37,-2.00,-0.01,0.00,0.00
21.51,2.49,2.50,3.01,0.01,0.00,-1.64,-1.00,-0.63,-0.03,0.00,0.00
21.55,2.49,2.50,3.01,0.02,0.00,-1.74,-1.53,-0.14,-0.05,0.00,0.00
21.58,2.50,2.50,3.01,0.01,0.00,1.11,-1.00,2.11,-0.03,0.00,0.00
21.62,2.49,2.49,3.01,0.03,0.00,-2.16,-1.85,-0.17,-0.06,0.00,0.00
21.65,2.50,2.49,3.02,0.03,0.00,-1.32,-1.95,0.32,-0.06,0.00,0.00
21.69,2.50,2.49,3.01,0.03,0.00,-0.37,-1.95,0.81,-0.06,0.00,0.00
21.73,2.50,2.49,3.01,0.03,0.00,-1.32,-1.74,0.24,-0.06,0.00,0.00
21.76,2.50,2.49,3.01,0.03,0.00,0.05,-2.16,1.02,-0.07,0.00,0.00
21.80,2.50,2.50,3.01,0.02,0.00,-0.90,-1.53,0.41,-0.05,0.00,0.00
21.83,2.50,2.50,3.01,0.01,0.00,-1.32,-1.00,-0.32,-0.03,0.00,0.00
21.87,2.50,2.49,3.01,0.03,0.00,-0.79,-1.74,0.55,-0.06,0.00,0.00
21.90,2.49,2.50,3.01,0.02,0.00,-1.64,-1.21,-0.35,-0.04,0.00,0.00
21.94,2.49,2.49,3.01,0.03,0.00,-2.16,-2.06,-0.05,-0.07,0.00,0.00
21.97,2.50,2.50,3.01,0.01,0.00,-1.32,-0.79,-0.67,-0.03,0.00,0.00
22.01,2.49,2.49,3.01,0.03,0.00,-2.16,-2.16,0.00,-0.07,0.00,0.00
22.05,2.49,2.50,3.01,-0.00,0.00,-1.74,0.26,-7.60,0.01,0.00,0.00
22.08,2.49,2.49,3.01,0.04,0.00,-1.95,-2.69,0.27,-0.09,0.00,0.00
22.12,2.50,2.50,3.01,0.02,0.00,-0.90,-1.21,0.26,-0.04,0.00,0.00
22.15,2.50,2.49,3.01,0.02,0.00,-1.00,-1.64,0.39,-0.05,0.00,0.00
22.19,2.50,2.51,3.01,-0.05,0.00,-0.26,3.54,-1.07,0.11,0.00,0.00
22.22,2.51,2.51,3.01,-0.06,0.00,3.64,4.28,-0.15,0.14,0.00,0.00
22.26,2.51,2.52,3.01,-0.08,0.00,4.38,5.33,-0.18,0.17,0.00,0.00
22.30,2.51,2.52,3.01,-0.08,0.00,4.38,5.44,-0.19,0.17,0.00,0.00
22.33,2.50,2.51,3.01,-0.07,0.00,-1.00,4.70,-1.21,0.15,0.00,0.00
22.37,2.49,2.50,3.01,0.01,0.00,-2.27,-0.37,-5.14,-0.01,0.00,0.00
22.40,2.50,2.49,3.01,0.03,0.00,-1.11,-1.95,0.43,-0.06,0.00,0.00
22.44,2.50,2.49,3.01,0.02,0.00,-0.69,-1.64,0.58,-0.05,0.00,0.00
22.47,2.50,2.49,3.02,0.03,0.00,-1.21,-1.95,0.38,-0.06,0.00,0.00
22.51,2.49,2.49,3.01,0.03,0.00,-1.64,-2.38,0.31,-0.08,0.00,0.00
22.54,2.50,2.50,3.01,0.01,0.00,-0.48,-1.00,0.53,-0.03,0.00,0.00
22.58,2.50,2.50,3.01,0.01,0.00,-1.43,-0.90,-0.59,-0.03,0.00,0.00
22.61,2.50,2.50,3.01,0.01,0.00,-0.37,-0.90,0.59,-0.03,0.00,0.00
22.65,2.49,2.50,3.01,0.02,0.00,-1.95,-1.21,-0.61,-0.04,0.00,0.00
22.68,2.50,2.50,3.02,0.00,0.00,-1.00,-0.16,-5.33,-0.01,0.00,0.00
22.72,2.49,2.49,3.01,0.03,0.00,-2.27,-1.74,-0.30,-0.06,0.00,0.00
22.76,2.50,2.50,3.02,0.01,0.00,-1.43,-0.48,-2.00,-0.02,0.00,0.00
22.79,2.49,2.49,3.01,0.03,0.00,-3.75,-2.06,-0.82,-0.07,0.00,0.00
22.83,2.50,2.50,3.01,0.02,0.00,-0.69,-1.11,0.38,-0.04,0.00,0.00
22.86,2.49,2.49,3.01,0.03,0.00,-2.48,-2.06,-0.21,-0.07,0.00,0.00
22.90,2.50,2.49,3.01,0.02,0.00,-0.79,-1.64,0.52,-0.05,0.00,0.00
22.93,2.50,2.49,3.01,0.04,0.00,-0.48,-2.48,0.81,-0.08,0.00,0.00
22.97,2.50,2.50,3.01,0.02,0.00,-0.48,-1.11,0.57,-0.04,0.00,0.00
23.01,2.49,2.50,3.01,0.02,0.00,-1.64,-1.32,-0.24,-0.04,0.00,0.00
23.04,2.49,2.50,3.01,0.02,0.00,-1.95,-1.21,-0.61,-0.04,0.00,0.00
23.08,2.50,2.50,3.01,0.02,0.00,-1.00,-1.32,0.24,-0.04,0.00,0.00
23.11,2.50,2.49,3.02,0.03,0.00,-0.26,-2.06,0.87,-0.07,0.00,0.00
23.15,2.52,2.50,3.01,0.01,0.00,4.91,-0.48,10.00,-0.02,0.00,0.00
23.18,2.52,2.51,3.01,-0.05,0.00,4.91,3.22,0.52,0.10,0.00,0.00
23.22,2.51,2.51,3.01,-0.06,0.00,4.28,4.17,0.03,0.13,0.00,0.00
23.25,2.50,2.51,3.01,-0.03,0.00,0.26,1.95,-0.86,0.06,0.00,0.00
23.29,2.50,2.50,3.01,-0.00,0.00,-0.48,0.16,-4.00,0.01,0.00,0.00
23.33,2.49,2.49,3.01,0.03,0.00,-2.06,-1.74,-0.18,-0.06,0.00,0.00
23.36,2.50,2.50,3.01,0.01,0.00,-1.00,-0.58,-0.73,-0.02,0.00,0.00
23.40,2.49,2.50,3.01,0.01,0.00,-2.38,-0.90,-1.65,-0.03,0.00,0.00
23.43,2.49,2.50,3.01,0.02,0.00,-1.74,-1.21,-0.43,-0.04,0.00,0.00
23.47,2.51,2.49,3.01,0.02,0.00,3.01,-1.64,2.84,-0.05,0.00,0.00
23.50,2.51,2.51,3.01,-0.06,0.00,4.80,4.17,0.15,0.13,0.00,0.00
23.54,2.51,2.52,3.02,-0.08,0.00,4.28,5.33,-0.20,0.17,0.00,0.00
23.57,2.52,2.51,3.01,-0.07,0.00,5.96,4.70,0.27,0.15,0.00,0.00
23.61,2.52,2.50,3.01,0.02,0.00,5.01,-1.11,5.52,-0.04,0.00,0.00
23.65,2.50,2.50,3.01,0.01,0.00,1.00,-0.79,2.27,-0.03,0.00,0.00
23.68,2.50,2.49,3.01,0.03,0.00,-0.79,-1.95,0.59,-0.06,0.00,0.00
23.72,2.50,2.50,3.01,0.01,0.00,-1.00,-0.79,-0.27,-0.03,0.00,0.00
23.75,2.49,2.49,3.01,0.03,0.00,-1.95,-1.74,-0.12,-0.06,0.00,0.00
23.79,2.50,2.50,3.01,0.01,0.00,-1.11,-0.90,-0.24,-0.03,0.00,0.00
23.82,2.49,2.49,3.01,0.03,0.00,-2.27,-1.74,-0.30,-0.06,0.00,0.00
23.86,2.49,2.50,3.01,0.01,0.00,-1.95,-1.00,-0.95,-0.03,0.00,0.00
23.89,2.49,2.49,3.01,0.03,0.00,-1.74,-2.38,0.27,-0.08,0.00,0.00
23.93,2.50,2.50,3.01,0.02,0.00,-0.58,-1.43,0.59,-0.05,0.00,0.00
23.96,2.49,2.49,3.01,0.03,0.00,-1.74,-2.38,0.27,-0.08,0.00,0.00
24.00,2.49,2.49,3.01,0.03,0.00,-2.27,-1.74,-0.30,-0.06,0.00,0.00
24.03,2.51,2.49,3.01,0.03,0.00,3.75,-1.95,2.92,-0.06,0.00,0.00
24.07,2.52,2.51,3.01,-0.06,0.00,5.65,4.06,0.39,0.13,0.00,0.00
24.11,2.52,2.51,3.01,-0.05,0.00,4.91,3.64,0.35,0.12,0.00,0.00
24.14,2.52,2.51,3.01,-0.06,0.00,5.65,4.17,0.35,0.13,0.00,0.00
24.18,2.52,2.52,3.01,-0.07,0.00,6.18,5.01,0.23,0.16,0.00,0.00
24.21,2.50,2.52,3.01,-0.08,0.00,0.05,5.12,-0.99,0.16,0.00,0.00
24.25,2.49,2.50,3.01,0.01,0.00,-1.95,-0.90,-1.18,-0.03,0.00,0.00
24.28,2.49,2.50,3.01,0.02,0.00,-1.64,-1.11,-0.48,-0.04,0.00,0.00
24.32,2.50,2.49,3.01,0.03,0.00,-1.53,-1.95,0.22,-0.06,0.00,0.00
24.36,2.50,2.49,3.01,0.02,0.00,-0.37,-1.64,0.77,-0.05,0.00,0.00
24.39,2.50,2.49,3.01,0.03,0.00,-1.32,-2.16,0.39,-0.07,0.00,0.00
24.43,2.50,2.50,3.01,0.02,0.00,-0.37,-1.43,0.74,-0.05,0.00,0.00
24.46,2.49,2.50,3.01,0.02,0.00,-2.06,-1.53,-0.34,-0.05,0.00,0.00
24.50,2.50,2.50,3.02,0.01,0.00,-1.32,-0.48,-1.78,-0.02,0.00,0.00
24.53,2.49,2.49,3.01,0.03,0.00,-2.27,-2.06,-0.10,-0.07,0.00,0.00
24.57,2.50,2.50,3.01,0.01,0.00,-1.43,-0.79,-0.80,-0.03,0.00,0.00
24.60,2.49,2.49,3.01,0.04,0.00,-2.27,-2.48,0.09,-0.08,0.00,0.00
24.64,2.50,2.50,3.02,0.01,0.00,-0.69,-1.00,0.32,-0.03,0.00,0.00
24.68,2.49,2.49,3.01,0.04,0.00,-2.06,-2.48,0.17,-0.08,0.00,0.00
24.71,2.50,2.50,3.01,0.02,0.00,-0.79,-1.43,0.44,-0.05,0.00,0.00
24.75,2.50,2.49,3.00,0.03,0.00,-1.11,-2.06,0.46,-0.07,0.00,0.00
24.78,2.50,2.50,3.01,0.01,0.00,-0.26,-0.79,0.67,-0.03,0.00,0.00
24.82,2.51,2.49,3.01,0.03,0.00,3.11,-1.95,2.59,-0.06,0.00,0.00
24.85,2.50,2.51,3.01,-0.04,0.00,1.21,2.90,-0.58,0.09,0.00,0.00
24.89,2.51,2.50,3.01,-0.01,0.00,3.01,0.48,5.33,0.02,0.00,0.00
24.92,2.50,2.51,3.02,-0.04,0.00,0.69,3.01,-0.77,0.10,0.00,0.00
24.96,2.51,2.50,3.01,-0.00,0.00,1.95,0.05,10.00,0.00,0.00,0.00
25.00,2.50,2.51,3.01,-0.05,0.00,0.90,3.11,-0.71,0.10,0.00,0.00
25.03,2.50,2.50,3.01,-0.01,0.00,1.32,0.48,1.78,0.02,0.00,0.00
25.07,2.51,2.51,3.01,-0.03,0.00,2.27,2.27,0.00,0.07,0.00,0.00
25.10,2.50,2.50,3.01,-0.00,0.00,-0.69,0.26,-3.60,0.01,0.00,0.00
25.14,2.50,2.50,3.01,0.02,0.00,-0.05,-1.11,0.95,-0.04,0.00,0.00
25.17,2.49,2.49,3.01,0.03,0.00,-1.64,-2.16,0.24,-0.07,0.00,0.00
25.21,2.50,2.50,3.02,0.01,0.00,-1.00,-0.79,-0.27,-0.03,0.00,0.00
25.24,2.49,2.49,3.01,0.03,0.00,-1.95,-1.85,-0.06,-0.06,0.00,0.00
25.28,2.50,2.49,3.01,0.03,0.00,0.90,-2.38,1.38,-0.08,0.00,0.00
25.32,2.51,2.50,3.01,-0.00,0.00,3.64,0.26,10.00,0.01,0.00,0.00
25.35,2.51,2.51,3.01,-0.06,0.00,4.70,3.96,0.19,0.13,0.00,0.00
25.39,2.51,2.51,3.01,-0.06,0.00,4.17,3.85,0.08,0.12,0.00,0.00
25.42,2.52,2.51,3.01,-0.07,0.00,5.75,4.70,0.22,0.15,0.00,0.00
25.46,2.52,2.51,3.01,-0.06,0.00,5.23,3.85,0.36,0.12,0.00,0.00
25.49,2.51,2.52,3.01,-0.10,0.00,3.54,7.02,-0.50,0.22,0.00,0.00
25.53,2.50,2.51,3.01,-0.03,0.00,-1.11,1.85,-1.60,0.06,0.00,0.00
25.56,2.50,2.50,3.01,0.00,0.00,-1.43,-0.16,-8.00,-0.01,0.00,0.00
25.60,2.49,2.50,3.01,0.02,0.00,-1.85,-1.43,-0.30,-0.05,0.00,0.00
25.63,2.49,2.50,3.01,0.01,0.00,-1.64,-0.69,-1.38,-0.02,0.00,0.00
25.67,2.49,2.49,3.01,0.03,0.00,-2.16,-1.85,-0.17,-0.06,0.00,0.00
25.71,2.50,2.49,3.01,0.03,0.00,-1.21,-1.85,0.34,-0.06,0.00,0.00
25.74,2.50,2.50,3.01,0.01,0.00,-0.58,-1.00,0.42,-0.03,0.00,0.00
25.78,2.50,2.49,3.01,0.03,0.00,-1.00,-2.06,0.51,-0.07,0.00,0.00
25.81,2.50,2.50,3.01,0.02,0.00,-1.53,-1.53,0.00,-0.05,0.00,0.00
25.85,2.50,2.50,3.01,0.02,0.00,-0.37,-1.21,0.70,-0.04,0.00,0.00
25.88,2.49,2.50,3.01,0.01,0.00,-1.74,-1.00,-0.74,-0.03,0.00,0.00
25.92,2.49,2.50,3.01,0.02,0.00,-1.85,-1.11,-0.67,-0.04,0.00,0.00
25.95,2.49,2.49,3.01,0.03,0.00,-2.27,-2.06,-0.10,-0.07,0.00,0.00
25.99,2.50,2.49,3.01,0.03,0.00,-1.11,-2.06,0.46,-0.07,0.00,0.00
26.03,2.50,2.49,3.01,0.03,0.00,-0.69,-2.38,0.71,-0.08,0.00,0.00
26.06,2.50,2.49,3.01,0.03,0.00,-1.11,-1.74,0.36,-0.06,0.00,0.00
26.10,2.50,2.49,3.01,0.04,0.00,-0.90,-2.48,0.64,-0.08,0.00,0.00
26.13,2.50,2.50,3.01,0.02,0.00,-0.26,-1.21,0.78,-0.04,0.00,0.00
26.17,2.50,2.50,3.01,0.01,0.00,-0.90,-1.00,0.11,-0.03,0.00,0.00
26.20,2.50,2.50,3.01,0.02,0.00,-0.58,-1.21,0.52,-0.04,0.00,0.00
26.24,2.49,2.50,3.01,0.01,0.00,-3.01,-0.79,-2.80,-0.03,0.00,0.00
26.27,2.50,2.50,3.01,0.01,0.00,-1.43,-0.58,-1.45,-0.02,0.00,0.00
26.31,2.49,2.49,3.01,0.02,0.00,-2.06,-1.64,-0.26,-0.05,0.00,0.00
26.35,2.49,2.50,3.01,0.01,0.00,-1.74,-0.90,-0.94,-0.03,0.00,0.00
26.38,2.49,2.50,3.01,0.02,0.00,-2.59,-1.43,-0.81,-0.05,0.00,0.00
26.42,2.50,2.49,3.01,0.03,0.00,-1.21,-1.95,0.38,-0.06,0.00,0.00
26.45,2.50,2.50,3.01,0.02,0.00,-0.48,-1.11,0.57,-0.04,0.00,0.00
26.49,2.49,2.49,3.01,0.03,0.00,-1.95,-2.06,0.05,-0.07,0.00,0.00
26.52,2.50,2.50,3.01,0.01,0.00,-0.37,-0.58,0.36,-0.02,0.00,0.00
26.56,2.49,2.50,3.01,0.02,0.00,-1.64,-1.43,-0.15,-0.05,0.00,0.00
26.59,2.50,2.50,3.01,0.01,0.00,-0.69,-0.90,0.24,-0.03,0.00,0.00
26.63,2.51,2.50,3.01,0.02,0.00,3.33,-1.21,3.74,-0.04,0.00,0.00
26.67,2.52,2.51,3.01,-0.06,0.00,4.91,3.96,0.24,0.13,0.00,0.00
26.70,2.52,2.52,3.01,-0.08,0.00,5.12,5.44,-0.06,0.17,0.00,0.00
26.74,2.52,2.51,3.01,-0.07,0.00,5.96,4.70,0.27,0.15,0.00,0.00
26.77,2.51,2.51,3.01,-0.07,0.00,4.80,4.80,0.00,0.15,0.00,0.00
26.81,2.51,2.51,3.01,-0.05,0.00,3.85,3.11,0.24,0.10,0.00,0.00
26.84,2.50,2.50,3.01,0.01,0.00,0.48,-0.90,1.53,-0.03,0.00,0.00
26.88,2.50,2.49,3.01,0.03,0.00,-1.32,-2.16,0.39,-0.07,0.00,0.00
26.91,2.49,2.50,3.01,0.01,0.00,-1.74,-0.79,-1.20,-0.03,0.00,0.00
26.95,2.50,2.50,3.01,0.02,0.00,-1.53,-1.21,-0.26,-0.04,0.00,0.00
26.98,2.50,2.50,3.02,0.01,0.00,-0.79,-0.90,0.12,-0.03,0.00,0.00
27.02,2.51,2.49,3.01,0.03,0.00,3.11,-2.06,2.51,-0.07,0.00,0.00
27.06,2.52,2.49,3.01,0.03,0.00,4.91,-2.38,3.07,-0.08,0.00,0.00
27.09,2.52,2.49,3.01,0.03,0.00,5.86,-2.06,3.85,-0.07,0.00,0.00
27.13,2.51,2.50,3.02,0.02,0.00,4.70,-1.32,4.56,-0.04,0.00,0.00
27.16,2.50,2.51,3.01,-0.04,0.00,-0.16,2.69,-1.06,0.09,0.00,0.00
27.20,2.51,2.51,3.01,-0.07,0.00,4.59,4.80,-0.04,0.15,0.00,0.00
27.23,2.50,2.50,3.01,-0.01,0.00,0.05,0.58,-0.91,0.02,0.00,0.00
27.27,2.50,2.50,3.01,0.02,0.00,-0.05,-1.32,0.96,-0.04,0.00,0.00
27.30,2.49,2.50,3.01,0.02,0.00,-1.95,-1.53,-0.28,-0.05,0.00,0.00
27.34,2.49,2.50,3.01,0.01,0.00,-1.74,-0.90,-0.94,-0.03,0.00,0.00
27.38,2.49,2.49,3.01,0.03,0.00,-2.06,-2.06,0.00,-0.07,0.00,0.00
27.41,2.50,2.49,3.01,0.03,0.00,-1.21,-2.38,0.49,-0.08,0.00,0.00
27.45,2.50,2.49,3.01,0.04,0.00,0.05,-2.69,1.02,-0.09,0.00,0.00
27.48,2.50,2.49,3.01,0.02,0.00,-0.69,-1.64,0.58,-0.05,0.00,0.00
27.52,2.50,2.50,3.01,0.01,0.00,-0.90,-0.79,-0.13,-0.03,0.00,0.00
27.55,2.49,2.50,3.01,0.02,0.00,-2.27,-1.11,-1.05,-0.04,0.00,0.00
27.59,2.50,2.50,3.01,0.01,0.00,-1.32,-1.00,-0.32,-0.03,0.00,0.00
27.62,2.49,2.49,3.01,0.04,0.00,-1.85,-2.59,0.29,-0.08,0.00,0.00
27.66,2.50,2.50,3.01,0.02,0.00,-0.58,-1.43,0.59,-0.05,0.00,0.00
27.69,2.49,2.49,3.01,0.03,0.00,-1.85,-2.38,0.22,-0.08,0.00,0.00
27.73,2.50,2.49,3.01,0.03,0.00,-0.90,-1.95,0.54,-0.06,0.00,0.00
27.77,2.50,2.49,3.01,0.03,0.00,-1.21,-2.06,0.41,-0.07,0.00,0.00
27.80,2.50,2.50,3.01,0.01,0.00,-0.37,-0.58,0.36,-0.02,0.00,0.00
27.84,2.49,2.49,3.01,0.03,0.00,-1.74,-1.74,0.00,-0.06,0.00,0.00
27.87,2.51,2.50,3.01,0.01,0.00,3.22,-1.00,4.21,-0.03,0.00,0.00
27.91,2.50,2.50,3.01,-0.02,0.00,0.48,1.32,-0.64,0.04,0.00,0.00
27.94,2.51,2.52,3.02,-0.08,0.00,2.06,5.12,-0.60,0.16,0.00,0.00
27.98,2.51,2.51,3.01,-0.06,0.00,3.96,4.38,-0.10,0.14,0.00,0.00
28.02,2.51,2.52,3.01,-0.08,0.00,2.59,5.54,-0.53,0.18,0.00,0.00
28.05,2.50,2.50,3.01,-0.02,0.00,-0.69,1.21,-1.57,0.04,0.00,0.00
28.09,2.50,2.50,3.01,0.01,0.00,-0.37,-0.79,0.53,-0.03,0.00,0.00
28.12,2.50,2.49,3.01,0.03,0.00,-1.53,-2.27,0.33,-0.07,0.00,0.00
28.16,2.50,2.50,3.01,0.02,0.00,-0.16,-1.32,0.88,-0.04,0.00,0.00
28.19,2.50,2.49,3.01,0.02,0.00,-0.58,-1.64,0.65,-0.05,0.00,0.00
28.23,2.50,2.50,3.01,0.01,0.00,-1.21,-0.79,-0.53,-0.03,0.00,0.00
28.26,2.49,2.50,3.01,0.02,0.00,-2.16,-1.32,-0.64,-0.04,0.00,0.00
28.30,2.50,2.50,3.02,0.01,0.00,-1.32,-0.90,-0.47,-0.03,0.00,0.00
28.33,2.49,2.50,3.01,0.01,0.00,-2.38,-0.90,-1.65,-0.03,0.00,0.00
28.37,2.49,2.49,3.01,0.03,0.00,-2.16,-1.85,-0.17,-0.06,0.00,0.00
28.41,2.50,2.49,3.01,0.04,0.00,-1.43,-2.59,0.45,-0.08,0.00,0.00
28.44,2.50,2.50,3.01,0.02,0.00,-0.48,-1.32,0.64,-0.04,0.00,0.00
28.48,2.50,2.49,3.01,0.04,0.00,-0.48,-2.48,0.81,-0.08,0.00,0.00
28.51,2.50,2.49,3.01,0.03,0.00,-0.69,-2.38,0.71,-0.08,0.00,0.00
28.55,2.50,2.50,3.01,0.02,0.00,-0.79,-1.53,0.48,-0.05,0.00,0.00
28.58,2.50,2.50,3.01,0.01,0.00,-1.21,-0.69,-0.77,-0.02,0.00,0.00
28.62,2.50,2.50,3.01,0.02,0.00,0.48,-1.53,1.31,-0.05,0.00,0.00
28.65,2.50,2.50,3.01,0.02,0.00,-1.53,-1.43,-0.07,-0.05,0.00,0.00
28.69,2.49,2.50,3.01,0.01,0.00,-1.85,-0.48,-2.89,-0.02,0.00,0.00
28.73,2.49,2.50,3.01,0.02,0.00,-1.85,-1.11,-0.67,-0.04,0.00,0.00
28.76,2.49,2.50,3.01,0.01,0.00,-1.74,-1.00,-0.74,-0.03,0.00,0.00
28.80,2.49,2.49,3.01,0.03,0.00,-2.16,-2.06,-0.05,-0.07,0.00,0.00
28.83,2.50,2.49,3.01,0.03,0.00,-0.69,-1.74,0.61,-0.06,0.00,0.00
28.87,2.50,2.49,3.01,0.03,0.00,-0.79,-2.27,0.65,-0.07,0.00,0.00
28.90,2.49,2.50,3.01,0.02,0.00,-2.16,-1.32,-0.64,-0.04,0.00,0.00
28.94,2.49,2.50,3.01,0.02,0.00,-1.64,-1.11,-0.48,-0.04,0.00,0.00
28.97,2.49,2.50,3.01,0.02,0.00,-1.64,-1.11,-0.48,-0.04,0.00,0.00
29.01,2.49,2.50,3.01,0.02,0.00,-1.64,-1.43,-0.15,-0.05,0.00,0.00
29.05,2.50,2.50,3.02,0.01,0.00,-1.43,-0.69,-1.08,-0.02,0.00,0.00
29.08,2.49,2.50,3.01,0.02,0.00,-2.16,-1.21,-0.78,-0.04,0.00,0.00
29.12,2.50,2.49,3.01,0.03,0.00,-1.43,-2.16,0.34,-0.07,0.00,0.00
29.15,2.50,2.49,3.01,0.03,0.00,-0.69,-2.38,0.71,-0.08,0.00,0.00
29.19,2.50,2.49,3.01,0.03,0.00,-1.21,-2.06,0.41,-0.07,0.00,0.00
29.22,2.50,2.49,3.01,0.04,0.00,-0.79,-2.59,0.69,-0.08,0.00,0.00
29.26,2.51,2.50,3.01,0.02,0.00,4.59,-1.53,4.00,-0.05,0.00,0.00
29.29,2.50,2.51,3.01,-0.06,0.00,0.05,3.85,-0.99,0.12,0.00,0.00
29.33,2.50,2.50,3.01,-0.00,0.00,-0.16,0.16,-2.00,0.01,0.00,0.00
29.37,2.50,2.50,3.00,0.02,0.00,-1.32,-1.43,0.07,-0.05,0.00,0.00
29.40,2.50,2.50,3.01,0.01,0.00,-1.53,-0.90,-0.71,-0.03,0.00,0.00
29.44,2.49,2.49,3.01,0.03,0.00,-2.27,-1.85,-0.23,-0.06,0.00,0.00
29.47,2.50,2.49,3.01,0.03,0.00,-1.43,-1.95,0.27,-0.06,0.00,0.00
29.51,2.50,2.49,3.01,0.03,0.00,-0.58,-1.74,0.67,-0.06,0.00,0.00
29.54,2.50,2.50,3.01,0.02,0.00,-0.37,-1.43,0.74,-0.05,0.00,0.00
29.58,2.50,2.51,3.01,-0.05,0.00,-1.43,3.43,-1.42,0.11,0.00,0.00
29.61,2.51,2.51,3.01,-0.07,0.00,2.27,4.59,-0.51,0.15,0.00,0.00
29.65,2.51,2.52,3.01,-0.08,0.00,4.49,5.12,-0.12,0.16,0.00,0.00
29.68,2.52,2.50,3.01,-0.02,0.00,5.44,1.53,2.55,0.05,0.00,0.00
29.72,2.50,2.50,3.01,0.02,0.00,0.05,-1.43,1.04,-0.05,0.00,0.00
29.76,2.50,2.49,3.01,0.03,0.00,-0.79,-2.06,0.62,-0.07,0.00,0.00
29.79,2.49,2.49,3.01,0.03,0.00,-1.95,-1.85,-0.06,-0.06,0.00,0.00
29.83,2.50,2.50,3.01,0.02,0.00,-1.11,-1.11,0.00,-0.04,0.00,0.00
29.86,2.49,2.49,3.01,0.04,0.00,-1.64,-2.69,0.39,-0.09,0.00,0.00
29.90,2.50,2.50,3.01,0.01,0.00,-0.48,-0.90,0.47,-0.03,0.00,0.00
29.93,2.50,2.49,3.01,0.04,0.00,-1.21,-2.59,0.53,-0.08,0.00,0.00
29.97,2.50,2.50,3.01,0.02,0.00,-0.79,-1.32,0.40,-0.04,0.00,0.00
30.00,2.49,2.49,3.01,0.03,0.00,-2.16,-1.74,-0.24,-0.06,0.00,0.00
30.04,2.50,2.50,3.01,0.01,0.00,-0.90,-0.69,-0.31,-0.02,0.00,0.00
30.07,2.50,2.49,3.01,0.03,0.00,1.11,-2.27,1.49,-0.07,0.00,0.00
30.11,2.50,2.50,3.02,-0.01,0.00,1.53,0.48,2.22,0.02,0.00,0.00
30.15,2.50,2.49,3.01,0.04,0.00,-1.21,-2.48,0.51,-0.08,0.00,0.00
30.18,2.50,2.49,3.01,0.02,0.00,-0.48,-1.64,0.71,-0.05,0.00,0.00
30.22,2.50,2.50,3.01,0.01,0.00,-1.32,-0.90,-0.47,-0.03,0.00,0.00
30.25,2.49,2.50,3.01,0.01,0.00,-2.06,-1.00,-1.05,-0.03,0.00,0.00
30.29,2.49,2.50,3.01,0.01,0.00,-2.27,-0.48,-3.78,-0.02,0.00,0.00
30.32,2.50,2.50,3.01,0.01,0.00,-1.43,-0.90,-0.59,-0.03,0.00,0.00
30.36,2.49,2.49,3.01,0.03,0.00,-2.27,-2.06,-0.10,-0.07,0.00,0.00
30.40,2.50,2.49,3.01,0.03,0.00,-1.11,-2.16,0.49,-0.07,0.00,0.00
30.43,2.50,2.49,3.01,0.03,0.00,-1.43,-2.16,0.34,-0.07,0.00,0.00
30.47,2.50,2.50,3.01,0.02,0.00,-0.37,-1.32,0.72,-0.04,0.00,0.00
30.50,2.50,2.49,3.01,0.03,0.00,-1.21,-2.27,0.47,-0.07,0.00,0.00
30.54,2.50,2.50,3.01,0.02,0.00,-0.37,-1.53,0.76,-0.05,0.00,0.00
30.57,2.50,2.49,3.01,0.03,0.00,-1.43,-1.85,0.23,-0.06,0.00,0.00
30.61,2.50,2.50,3.01,0.01,0.00,-0.69,-0.69,0.00,-0.02,0.00,0.00
30.64,2.49,2.50,3.01,0.02,0.00,-1.85,-1.53,-0.21,-0.05,0.00,0.00
30.68,2.50,2.50,3.01,0.01,0.00,-0.90,-0.79,-0.13,-0.03,0.00,0.00
30.72,2.49,2.49,3.01,0.02,0.00,-1.95,-1.64,-0.19,-0.05,0.00,0.00
30.75,2.50,2.49,3.01,0.03,0.00,-0.58,-1.74,0.67,-0.06,0.00,0.00
30.79,2.50,2.49,3.01,0.03,0.00,-0.90,-2.27,0.60,-0.07,0.00,0.00
30.82,2.50,2.50,3.01,0.02,0.00,-0.58,-1.53,0.62,-0.05,0.00,0.00
30.86,2.50,2.49,3.01,0.04,0.00,-1.21,-2.80,0.57,-0.09,0.00,0.00
30.89,2.49,2.50,3.01,0.01,0.00,-2.06,-0.58,-2.55,-0.02,0.00,0.00
30.93,2.49,2.50,3.01,0.02,0.00,-2.06,-1.53,-0.34,-0.05,0.00,0.00
30.97,2.49,2.49,3.01,0.03,0.00,-1.74,-2.27,0.23,-0.07,0.00,0.00
31.00,2.49,2.49,3.01,0.03,0.00,-2.48,-1.74,-0.42,-0.06,0.00,0.00
31.04,2.50,2.50,3.01,0.02,0.00,-1.53,-1.21,-0.26,-0.04,0.00,0.00
31.07,2.50,2.49,3.01,0.03,0.00,-1.00,-2.16,0.54,-0.07,0.00,0.00
31.11,2.50,2.49,3.01,0.03,0.00,-0.90,-1.85,0.51,-0.06,0.00,0.00
31.14,2.50,2.49,3.01,0.04,0.00,-1.11,-2.69,0.59,-0.09,0.00,0.00
31.18,2.50,2.49,3.01,0.02,0.00,-0.48,-1.64,0.71,-0.05,0.00,0.00
31.21,2.50,2.49,3.01,0.04,0.00,-1.43,-2.59,0.45,-0.08,0.00,0.00
31.25,2.50,2.50,3.01,0.02,0.00,-0.16,-1.11,0.86,-0.04,0.00,0.00
31.28,2.49,2.49,3.01,0.03,0.00,-1.85,-1.95,0.05,-0.06,0.00,0.00
31.32,2.50,2.50,3.01,-0.01,0.00,-1.32,0.79,-2.67,0.03,0.00,0.00
31.35,2.49,2.50,3.01,0.02,0.00,-2.16,-1.53,-0.41,-0.05,0.00,0.00
31.39,2.50,2.50,3.01,0.02,0.00,-0.79,-1.21,0.35,-0.04,0.00,0.00
31.43,2.49,2.49,3.01,0.03,0.00,-1.85,-2.27,0.19,-0.07,0.00,0.00
31.46,2.50,2.50,3.01,0.02,0.00,-0.90,-1.53,0.41,-0.05,0.00,0.00
31.50,2.49,2.50,3.01,-0.01,0.00,-1.64,1.00,-2.63,0.03,0.00,0.00
31.53,2.51,2.50,3.01,-0.01,0.00,2.90,0.90,2.23,0.03,0.00,0.00
31.57,2.50,2.50,3.01,0.01,0.00,0.58,-0.69,1.85,-0.02,0.00,0.00
31.60,2.50,2.50,3.01,0.01,0.00,0.05,-0.58,1.09,-0.02,0.00,0.00
31.64,2.49,2.49,3.01,0.03,0.00,-2.16,-2.06,-0.05,-0.07,0.00,0.00
31.67,2.50,2.50,3.01,0.01,0.00,-1.00,-0.79,-0.27,-0.03,0.00,0.00
31.71,2.49,2.49,3.01,0.03,0.00,-2.27,-1.74,-0.30,-0.06,0.00,0.00
31.75,2.50,2.49,3.01,0.03,0.00,-1.00,-1.74,0.42,-0.06,0.00,0.00
31.78,2.49,2.49,3.01,0.04,0.00,-1.64,-2.48,0.34,-0.08,0.00,0.00
31.82,2.50,2.50,3.01,0.01,0.00,-0.37,-1.00,0.63,-0.03,0.00,0.00
31.85,2.49,2.49,3.01,0.03,0.00,-1.64,-2.38,0.31,-0.08,0.00,0.00
31.89,2.50,2.50,3.01,0.01,0.00,-0.37,-0.90,0.59,-0.03,0.00,0.00
31.92,2.49,2.49,3.01,0.03,0.00,-1.74,-1.85,0.06,-0.06,0.00,0.00
31.96,2.50,2.50,3.01,0.01,0.00,-1.11,-0.69,-0.62,-0.02,0.00,0.00
31.99,2.49,2.49,3.01,0.03,0.00,-2.16,-1.95,-0.11,-0.06,0.00,0.00
32.03,2.50,2.50,3.02,0.01,0.00,-1.11,-0.79,-0.40,-0.03,0.00,0.00
32.07,2.49,2.49,3.01,0.03,0.00,-3.75,-2.06,-0.82,-0.07,0.00,0.00
32.10,2.50,2.50,3.01,0.02,0.00,-0.69,-1.43,0.52,-0.05,0.00,0.00
32.14,2.50,2.49,3.01,0.04,0.00,-1.53,-2.90,0.47,-0.09,0.00,0.00
32.17,2.50,2.49,3.01,0.02,0.00,-0.48,-1.64,0.71,-0.05,0.00,0.00
32.21,2.50,2.49,3.01,0.04,0.00,-1.21,-2.90,0.58,-0.09,0.00,0.00
32.24,2.50,2.50,3.01,0.01,0.00,-0.37,-1.00,0.63,-0.03,0.00,0.00
32.28,2.49,2.50,3.01,0.02,0.00,-1.85,-1.32,-0.40,-0.04,0.00,0.00
32.32,2.49,2.50,3.01,0.02,0.00,-1.64,-1.32,-0.24,-0.04,0.00,0.00
32.35,2.51,2.50,3.01,0.01,0.00,3.64,-0.48,8.67,-0.02,0.00,0.00
32.39,2.50,2.51,3.01,-0.06,0.00,-0.58,3.96,-1.15,0.13,0.00,0.00
32.42,2.49,2.50,3.01,0.01,0.00,-1.85,-0.69,-1.69,-0.02,0.00,0.00
32.46,2.50,2.49,3.02,0.03,0.00,-1.21,-2.16,0.44,-0.07,0.00,0.00
32.49,2.49,2.50,3.01,0.02,0.00,-2.16,-1.43,-0.52,-0.05,0.00,0.00
32.53,2.50,2.50,3.01,0.02,0.00,-0.79,-1.43,0.44,-0.05,0.00,0.00
32.56,2.50,2.49,3.01,0.04,0.00,-1.00,-2.69,0.63,-0.09,0.00,0.00
32.60,2.50,2.50,3.01,0.02,0.00,-0.58,-1.21,0.52,-0.04,0.00,0.00
32.63,2.50,2.49,3.01,0.04,0.00,-0.90,-2.48,0.64,-0.08,0.00,0.00
32.67,2.51,2.50,3.01,0.02,0.00,4.06,-1.32,4.08,-0.04,0.00,0.00
32.71,2.52,2.51,3.01,-0.02,0.00,5.12,1.64,2.13,0.05,0.00,0.00
32.74,2.51,2.51,3.01,-0.07,0.00,4.06,4.80,-0.15,0.15,0.00,0.00
32.78,2.52,2.52,3.01,-0.07,0.00,5.12,4.91,0.04,0.16,0.00,0.00
32.81,2.50,2.52,3.02,-0.08,0.00,1.11,5.75,-0.81,0.18,0.00,0.00
32.85,2.49,2.50,3.01,-0.00,0.00,-1.95,0.16,0.00,0.01,0.00,0.00
32.88,2.50,2.50,3.01,0.01,0.00,-1.00,-0.37,-1.71,-0.01,0.00,0.00
32.92,2.49,2.49,3.01,0.03,0.00,-2.06,-1.74,-0.18,-0.06,0.00,0.00
32.95,2.50,2.50,3.02,0.02,0.00,-1.21,-1.11,-0.10,-0.04,0.00,0.00
32.99,2.49,2.49,3.01,0.04,0.00,-1.95,-2.48,0.21,-0.08,0.00,0.00
33.02,2.50,2.51,3.01,-0.03,0.00,-0.90,2.27,-1.40,0.07,0.00,0.00
33.06,2.51,2.51,3.01,-0.05,0.00,3.54,3.64,-0.03,0.12,0.00,0.00
33.10,2.52,2.51,3.01,-0.05,0.00,5.54,3.64,0.52,0.12,0.00,0.00
33.13,2.50,2.50,3.01,-0.00,0.00,1.21,0.05,10.00,0.00,0.00,0.00
33.17,2.50,2.50,3.01,0.01,0.00,-0.26,-0.90,0.71,-0.03,0.00,0.00
33.20,2.50,2.49,3.01,0.03,0.00,-1.32,-2.38,0.44,-0.08,0.00,0.00
33.24,2.49,2.49,3.01,0.02,0.00,-2.06,-1.64,-0.26,-0.05,0.00,0.00
33.27,2.49,2.50,3.01,0.02,0.00,-1.95,-1.32,-0.48,-0.04,0.00,0.00
33.31,2.49,2.49,3.01,0.04,0.00,-2.06,-2.90,0.29,-0.09,0.00,0.00
33.35,2.50,2.50,3.01,0.02,0.00,-0.69,-1.32,0.48,-0.04,0.00,0.00
33.38,2.49,2.49,3.01,0.04,0.00,-1.85,-2.48,0.26,-0.08,0.00,0.00
33.42,2.50,2.49,3.01,0.02,0.00,0.26,-1.64,1.16,-0.05,0.00,0.00
33.45,2.49,2.49,3.01,0.03,0.00,-1.74,-1.85,0.06,-0.06,0.00,0.00
33.49,2.50,2.50,3.01,0.01,0.00,-0.69,-0.90,0.24,-0.03,0.00,0.00
33.52,2.49,2.49,3.01,0.02,0.00,-2.27,-1.64,-0.39,-0.05,0.00,0.00
33.56,2.49,2.50,3.01,0.01,0.00,-1.64,-0.79,-1.07,-0.03,0.00,0.00
33.59,2.49,2.49,3.01,0.03,0.00,-1.95,-2.38,0.18,-0.08,0.00,0.00
33.63,2.50,2.50,3.01,0.02,0.00,-0.90,-1.21,0.26,-0.04,0.00,0.00
33.66,2.49,2.49,3.01,0.04,0.00,-1.95,-2.59,0.24,-0.08,0.00,0.00
33.70,2.49,2.50,3.01,0.01,0.00,-2.27,-0.58,-2.91,-0.02,0.00,0.00
33.74,2.50,2.49,3.01,0.03,0.00,-1.21,-2.16,0.44,-0.07,0.00,0.00
33.77,2.50,2.50,3.01,0.01,0.00,-0.58,-0.69,0.15,-0.02,0.00,0.00
33.81,2.50,2.49,3.01,0.03,0.00,-0.79,-2.27,0.65,-0.07,0.00,0.00
33.84,2.50,2.49,3.01,0.03,0.00,-0.79,-2.27,0.65,-0.07,0.00,0.00
33.88,2.50,2.50,3.01,0.02,0.00,-0.26,-1.11,0.76,-0.04,0.00,0.00
33.91,2.50,2.50,3.01,0.01,0.00,-1.11,-0.58,-0.91,-0.02,0.00,0.00
33.95,2.49,2.49,3.01,0.03,0.00,-2.16,-2.16,0.00,-0.07,0.00,0.00
33.98,2.50,2.50,3.01,0.01,0.00,-1.43,-0.69,-1.08,-0.02,0.00,0.00
34.02,2.49,2.49,3.01,0.04,0.00,-1.95,-2.59,0.24,-0.08,0.00,0.00
34.06,2.50,2.50,3.01,0.02,0.00,-0.48,-1.32,0.64,-0.04,0.00,0.00
34.09,2.50,2.49,3.01,0.04,0.00,-1.11,-2.59,0.57,-0.08,0.00,0.00
34.13,2.50,2.50,3.01,0.02,0.00,-0.37,-1.21,0.70,-0.04,0.00,0.00
34.16,2.50,2.49,3.01,0.03,0.00,-0.79,-1.95,0.59,-0.06,0.00,0.00
34.20,2.50,2.50,3.01,0.01,0.00,-1.21,-0.48,-1.56,-0.02,0.00,0.00
34.23,2.49,2.49,3.01,0.03,0.00,-1.95,-1.95,0.00,-0.06,0.00,0.00
34.27,2.50,2.50,3.01,-0.01,0.00,0.26,0.48,-0.44,0.02,0.00,0.00
34.30,2.51,2.51,3.01,-0.06,0.00,4.70,4.17,0.13,0.13,0.00,0.00
34.34,2.51,2.52,3.01,-0.07,0.00,4.70,5.01,-0.06,0.16,0.00,0.00
34.38,2.51,2.51,3.01,-0.06,0.00,4.49,3.75,0.20,0.12,0.00,0.00
34.41,2.51,2.51,3.01,-0.05,0.00,3.33,3.33,0.00,0.11,0.00,0.00
34.45,2.50,2.50,3.01,-0.00,0.00,-1.32,0.26,-6.00,0.01,0.00,0.00
34.48,2.50,2.49,3.01,0.03,0.00,-0.37,-2.06,0.82,-0.07,0.00,0.00
34.52,2.49,2.49,3.01,0.03,0.00,-1.64,-2.06,0.21,-0.07,0.00,0.00
34.55,2.50,2.49,3.01,0.03,0.00,-0.69,-1.95,0.65,-0.06,0.00,0.00
34.59,2.50,2.49,3.01,0.03,0.00,-0.37,-1.85,0.80,-0.06,0.00,0.00
34.62,2.50,2.50,3.01,0.02,0.00,-1.53,-1.11,-0.38,-0.04,0.00,0.00
34.66,2.49,2.50,3.01,0.02,0.00,-1.95,-1.11,-0.76,-0.04,0.00,0.00
34.69,2.49,2.50,3.01,0.02,0.00,-1.95,-1.21,-0.61,-0.04,0.00,0.00
34.73,2.49,2.49,3.01,0.03,0.00,-1.64,-2.06,0.21,-0.07,0.00,0.00
34.77,2.50,2.49,3.01,0.03,0.00,-0.90,-2.27,0.60,-0.07,0.00,0.00
34.80,2.50,2.49,3.01,0.03,0.00,-1.21,-2.16,0.44,-0.07,0.00,0.00
34.84,2.50,2.50,3.01,0.00,0.00,-0.26,-0.05,-4.00,-0.00,0.00,0.00
34.87,2.51,2.51,3.01,-0.05,0.00,3.33,3.33,0.00,0.11,0.00,0.00
34.91,2.52,2.52,3.01,-0.09,0.00,4.91,6.39,-0.23,0.20,0.00,0.00
34.94,2.51,2.51,3.01,-0.06,0.00,4.59,3.75,0.23,0.12,0.00,0.00
34.98,2.52,2.51,3.01,-0.06,0.00,5.65,4.06,0.39,0.13,0.00,0.00
35.01,2.51,2.50,3.01,0.02,0.00,3.33,-1.21,3.74,-0.04,0.00,0.00
35.05,2.50,2.49,3.01,0.02,0.00,-1.32,-1.64,0.19,-0.05,0.00,0.00
35.08,2.50,2.49,3.01,0.03,0.00,-1.11,-2.06,0.46,-0.07,0.00,0.00
35.12,2.50,2.50,3.01,0.01,0.00,-0.37,-0.58,0.36,-0.02,0.00,0.00
35.16,2.50,2.49,3.01,0.03,0.00,-1.00,-2.06,0.51,-0.07,0.00,0.00
35.19,2.50,2.49,3.01,0.04,0.00,-0.58,-2.69,0.78,-0.09,0.00,0.00
35.23,2.50,2.50,3.01,0.02,0.00,-0.48,-1.11,0.57,-0.04,0.00,0.00
35.26,2.50,2.50,3.01,0.02,0.00,-1.53,-1.21,-0.26,-0.04,0.00,0.00
35.30,2.49,2.50,3.01,0.01,0.00,-1.74,-0.90,-0.94,-0.03,0.00,0.00
35.33,2.49,2.49,3.01,0.02,0.00,-1.85,-1.64,-0.13,-0.05,0.00,0.00
35.37,2.50,2.50,3.01,0.01,0.00,-1.43,-0.79,-0.80,-0.03,0.00,0.00
35.40,2.50,2.49,3.01,0.03,0.00,-0.26,-1.95,0.86,-0.06,0.00,0.00
35.44,2.50,2.49,3.01,0.03,0.00,-1.32,-2.27,0.42,-0.07,0.00,0.00
35.48,2.50,2.49,3.01,0.03,0.00,-0.58,-1.95,0.70,-0.06,0.00,0.00
35.51,2.50,2.50,3.01,0.02,0.00,-0.48,-1.53,0.69,-0.05,0.00,0.00
35.55,2.49,2.50,3.02,0.02,0.00,-1.64,-1.11,-0.48,-0.04,0.00,0.00
35.58,2.49,2.49,3.01,0.03,0.00,-1.95,-2.06,0.05,-0.07,0.00,0.00
35.62,2.49,2.50,3.02,0.01,0.00,-1.64,-1.00,-0.63,-0.03,0.00,0.00
35.65,2.49,2.50,3.01,0.01,0.00,-4.06,-0.48,-7.56,-0.02,0.00,0.00
35.69,2.50,2.50,3.01,0.02,0.00,-1.53,-1.43,-0.07,-0.05,0.00,0.00
35.72,2.49,2.49,3.01,0.04,0.00,-1.74,-2.80,0.38,-0.09,0.00,0.00
35.76,2.50,2.50,3.01,0.02,0.00,-0.58,-1.32,0.56,-0.04,0.00,0.00
35.79,2.50,2.49,3.02,0.03,0.00,-1.11,-2.16,0.49,-0.07,0.00,0.00
35.83,2.50,2.49,3.01,0.03,0.00,-0.58,-2.16,0.73,-0.07,0.00,0.00
35.87,2.50,2.49,3.01,0.03,0.00,-1.00,-1.95,0.49,-0.06,0.00,0.00
35.90,2.50,2.50,3.01,0.01,0.00,-0.79,-0.58,-0.36,-0.02,0.00,0.00
35.94,2.50,2.50,3.01,0.02,0.00,-0.37,-1.53,0.76,-0.05,0.00,0.00
35.97,2.51,2.50,3.01,0.01,0.00,2.38,-0.90,3.65,-0.03,0.00,0.00
36.01,2.51,2.51,3.01,-0.04,0.00,3.85,2.59,0.49,0.08,0.00,0.00
36.04,2.50,2.51,3.01,-0.07,0.00,1.11,4.70,-0.76,0.15,0.00,0.00
36.08,2.51,2.50,3.01,-0.01,0.00,2.16,0.58,2.73,0.02,0.00,0.00
36.12,2.51,2.50,3.01,0.01,0.00,2.06,-1.00,3.05,-0.03,0.00,0.00
36.15,2.50,2.49,3.01,0.03,0.00,-1.11,-2.16,0.49,-0.07,0.00,0.00
36.19,2.50,2.50,3.01,0.02,0.00,-0.37,-1.21,0.70,-0.04,0.00,0.00
36.22,2.50,2.49,3.01,0.04,0.00,-1.21,-2.48,0.51,-0.08,0.00,0.00
36.26,2.50,2.50,3.01,0.01,0.00,-0.79,-0.58,-0.36,-0.02,0.00,0.00
36.29,2.49,2.50,3.01,0.02,0.00,-2.38,-1.43,-0.67,-0.05,0.00,0.00
36.33,2.50,2.50,3.01,0.01,0.00,-1.11,-0.79,-0.40,-0.03,0.00,0.00
36.36,2.49,2.50,3.01,-0.01,0.00,-1.95,0.69,-3.85,0.02,0.00,0.00
36.40,2.50,2.51,3.02,-0.03,0.00,-1.43,2.27,-1.63,0.07,0.00,0.00
36.43,2.50,2.49,3.01,0.03,0.00,-1.53,-1.85,0.17,-0.06,0.00,0.00
36.47,2.50,2.50,3.01,0.02,0.00,-0.37,-1.32,0.72,-0.04,0.00,0.00
36.51,2.49,2.49,3.01,0.04,0.00,-1.74,-2.80,0.38,-0.09,0.00,0.00
36.54,2.50,2.50,3.01,0.01,0.00,-0.16,-0.90,0.82,-0.03,0.00,0.00
36.58,2.49,2.49,3.01,0.02,0.00,-1.85,-1.64,-0.13,-0.05,0.00,0.00
36.61,2.49,2.50,3.01,0.01,0.00,-1.74,-0.58,-2.00,-0.02,0.00,0.00
36.65,2.49,2.50,3.01,0.02,0.00,-1.95,-1.43,-0.37,-0.05,0.00,0.00
36.68,2.49,2.50,3.01,0.02,0.00,-1.74,-1.11,-0.57,-0.04,0.00,0.00
36.72,2.50,2.49,3.01,0.03,0.00,-0.79,-2.16,0.63,-0.07,0.00,0.00
36.76,2.50,2.49,3.01,0.03,0.00,-0.90,-1.74,0.48,-0.06,0.00,0.00
36.79,2.50,2.50,3.01,0.01,0.00,-0.79,-0.69,-0.15,-0.02,0.00,0.00
36.83,2.50,2.49,3.01,0.02,0.00,-0.69,-1.64,0.58,-0.05,0.00,0.00
36.86,2.50,2.49,3.01,0.03,0.00,-1.00,-2.27,0.56,-0.07,0.00,0.00
36.90,2.49,2.50,3.01,0.01,0.00,-2.06,-0.90,-1.29,-0.03,0.00,0.00
36.93,2.49,2.50,3.01,0.02,0.00,-1.64,-1.32,-0.24,-0.04,0.00,0.00
36.97,2.49,2.50,3.01,0.01,0.00,-1.95,-0.58,-2.36,-0.02,0.00,0.00
37.00,2.49,2.49,3.01,0.03,0.00,-2.38,-1.85,-0.29,-0.06,0.00,0.00
37.04,2.50,2.50,3.02,0.02,0.00,-1.21,-1.11,-0.10,-0.04,0.00,0.00
37.07,2.49,2.49,3.01,0.03,0.00,-2.27,-2.27,0.00,-0.07,0.00,0.00
37.11,2.50,2.50,3.02,0.02,0.00,-0.90,-1.11,0.19,-0.04,0.00,0.00
37.15,2.49,2.49,3.01,0.06,0.00,-1.74,-4.17,0.58,-0.13,0.00,0.00
37.18,2.50,2.50,3.01,0.02,0.00,-0.69,-1.53,0.55,-0.05,0.00,0.00
37.22,2.50,2.49,3.01,0.04,0.00,-1.32,-2.80,0.53,-0.09,0.00,0.00
37.25,2.50,2.50,3.01,0.02,0.00,-0.37,-1.32,0.72,-0.04,0.00,0.00
37.29,2.50,2.49,3.01,0.04,0.00,-1.21,-2.59,0.53,-0.08,0.00,0.00
37.32,2.50,2.50,3.01,0.02,0.00,-0.05,-1.11,0.95,-0.04,0.00,0.00
37.36,2.49,2.50,3.01,0.02,0.00,-1.64,-1.32,-0.24,-0.04,0.00,0.00
37.39,2.49,2.49,3.01,0.03,0.00,-1.64,-2.38,0.31,-0.08,0.00,0.00
37.43,2.49,2.50,3.01,0.01,0.00,-1.74,-0.90,-0.94,-0.03,0.00,0.00
37.47,2.50,2.49,3.01,0.03,0.00,-1.32,-1.95,0.32,-0.06,0.00,0.00
37.50,2.50,2.49,3.01,0.03,0.00,-0.26,-1.74,0.85,-0.06,0.00,0.00
37.54,2.50,2.49,3.01,0.03,0.00,-1.00,-2.06,0.51,-0.07,0.00,0.00
37.57,2.50,2.51,3.01,-0.05,0.00,-0.79,3.11,-1.25,0.10,0.00,0.00
37.61,2.51,2.50,3.01,-0.02,0.00,2.80,1.21,1.30,0.04,0.00,0.00
37.64,2.50,2.50,3.01,0.01,0.00,1.11,-0.90,2.24,-0.03,0.00,0.00
37.68,2.50,2.50,3.01,0.02,0.00,1.53,-1.53,2.00,-0.05,0.00,0.00
37.71,2.51,2.50,3.01,0.01,0.00,1.85,-0.90,3.06,-0.03,0.00,0.00
37.75,2.49,2.50,3.01,0.01,0.00,-1.74,-0.79,-1.20,-0.03,0.00,0.00
37.79,2.50,2.50,3.01,-0.02,0.00,0.69,1.11,-0.38,0.04,0.00,0.00
37.82,2.51,2.51,3.01,-0.05,0.00,3.75,3.11,0.20,0.10,0.00,0.00
37.86,2.51,2.51,3.01,-0.07,0.00,4.06,4.59,-0.11,0.15,0.00,0.00
37.89,2.52,2.51,3.01,-0.06,0.00,6.07,3.85,0.58,0.12,0.00,0.00
37.93,2.52,2.52,3.01,-0.08,0.00,5.54,5.75,-0.04,0.18,0.00,0.00
37.96,2.51,2.51,3.01,-0.07,0.00,4.38,4.59,-0.05,0.15,0.00,0.00
38.00,2.51,2.51,3.01,-0.03,0.00,2.16,1.85,0.17,0.06,0.00,0.00
38.04,2.50,2.50,3.01,0.02,0.00,-1.53,-1.43,-0.07,-0.05,0.00,0.00
38.07,2.50,2.50,3.02,0.01,0.00,-1.43,-0.69,-1.08,-0.02,0.00,0.00
38.11,2.49,2.49,3.01,0.03,0.00,-2.48,-2.16,-0.15,-0.07,0.00,0.00
38.14,2.50,2.50,3.01,0.01,0.00,-1.32,-0.90,-0.47,-0.03,0.00,0.00
38.18,2.49,2.49,3.01,0.03,0.00,-2.16,-2.16,0.00,-0.07,0.00,0.00
38.21,2.50,2.50,3.01,0.02,0.00,-1.11,-1.32,0.16,-0.04,0.00,0.00
38.25,2.49,2.49,3.01,0.04,0.00,-1.74,-2.69,0.35,-0.09,0.00,0.00
38.28,2.50,2.50,3.01,0.02,0.00,-0.58,-1.11,0.48,-0.04,0.00,0.00
38.32,2.50,2.49,3.01,0.04,0.00,-1.32,-2.48,0.47,-0.08,0.00,0.00
38.35,2.50,2.49,3.01,0.04,0.00,-0.90,-2.69,0.67,-0.09,0.00,0.00
38.39,2.49,2.49,3.01,0.02,0.00,-2.16,-1.64,-0.32,-0.05,0.00,0.00
38.43,2.50,2.50,3.01,0.01,0.00,-1.11,-0.79,-0.40,-0.03,0.00,0.00
38.46,2.49,2.50,3.01,0.02,0.00,-2.16,-1.53,-0.41,-0.05,0.00,0.00
38.50,2.49,2.50,3.01,0.01,0.00,-2.16,-0.58,-2.73,-0.02,0.00,0.00
38.53,2.50,2.49,3.01,0.04,0.00,-1.53,-2.90,0.47,-0.09,0.00,0.00
38.57,2.50,2.49,3.01,0.02,0.00,-0.26,-1.64,0.84,-0.05,0.00,0.00
38.60,2.49,2.49,3.01,0.03,0.00,-1.74,-2.16,0.20,-0.07,0.00,0.00
38.64,2.50,2.49,3.01,0.03,0.00,-0.58,-2.38,0.76,-0.08,0.00,0.00
38.67,2.50,2.49,3.01,0.03,0.00,-0.90,-1.85,0.51,-0.06,0.00,0.00
38.71,2.50,2.50,3.01,0.01,0.00,-0.79,-0.69,-0.15,-0.02,0.00,0.00
38.74,2.49,2.49,3.01,0.02,0.00,-2.06,-1.64,-0.26,-0.05,0.00,0.00
38.78,2.50,2.50,3.01,0.01,0.00,-0.90,-0.58,-0.55,-0.02,0.00,0.00
38.81,2.50,2.50,3.01,0.02,0.00,1.21,-1.21,2.00,-0.04,0.00,0.00
38.85,2.51,2.51,3.01,-0.02,0.00,4.17,1.64,1.55,0.05,0.00,0.00
38.89,2.51,2.51,3.01,-0.06,0.00,4.70,4.38,0.07,0.14,0.00,0.00
38.92,2.51,2.52,3.01,-0.07,0.00,3.85,4.91,-0.22,0.16,0.00,0.00
38.96,2.52,2.52,3.01,-0.08,0.00,5.23,5.33,-0.02,0.17,0.00,0.00
38.99,2.51,2.51,3.01,-0.03,0.00,3.01,2.16,0.39,0.07,0.00,0.00
39.03,2.50,2.49,3.01,0.02,0.00,-0.79,-1.64,0.52,-0.05,0.00,0.00
39.06,2.50,2.50,3.01,0.02,0.00,-0.37,-1.43,0.74,-0.05,0.00,0.00
39.10,2.50,2.50,3.01,0.02,0.00,-0.79,-1.53,0.48,-0.05,0.00,0.00
39.13,2.50,2.50,3.01,0.01,0.00,-1.11,-0.90,-0.24,-0.03,0.00,0.00
39.17,2.49,2.49,3.01,0.02,0.00,-2.06,-1.64,-0.26,-0.05,0.00,0.00
39.21,2.50,2.50,3.02,0.01,0.00,-1.11,-0.48,-1.33,-0.02,0.00,0.00
39.24,2.49,2.50,3.01,0.01,0.00,-3.54,-1.00,-2.53,-0.03,0.00,0.00
39.28,2.50,2.50,3.01,0.02,0.00,-0.79,-1.21,0.35,-0.04,0.00,0.00
39.31,2.49,2.49,3.01,0.03,0.00,-1.85,-2.27,0.19,-0.07,0.00,0.00
39.35,2.50,2.50,3.01,0.02,0.00,-0.90,-1.11,0.19,-0.04,0.00,0.00
39.38,2.50,2.49,3.01,0.03,0.00,-1.11,-2.16,0.49,-0.07,0.00,0.00
39.42,2.50,2.50,3.01,0.02,0.00,-0.69,-1.21,0.43,-0.04,0.00,0.00
39.45,2.49,2.49,3.01,0.03,0.00,-1.74,-2.06,0.15,-0.07,0.00,0.00
39.49,2.50,2.50,3.01,0.02,0.00,-0.37,-1.21,0.70,-0.04,0.00,0.00
39.53,2.50,2.49,3.01,0.05,0.00,-1.11,-3.64,0.70,-0.12,0.00,0.00
39.56,2.50,2.50,3.01,0.01,0.00,-0.79,-0.58,-0.36,-0.02,0.00,0.00
39.60,2.49,2.50,3.01,0.02,0.00,-2.27,-1.53,-0.48,-0.05,0.00,0.00
39.63,2.50,2.50,3.01,0.01,0.00,-1.00,-0.79,-0.27,-0.03,0.00,0.00
39.67,2.49,2.50,3.01,0.02,0.00,-2.16,-1.11,-0.95,-0.04,0.00,0.00
39.70,2.50,2.50,3.01,0.02,0.00,-1.43,-1.21,-0.17,-0.04,0.00,0.00
39.74,2.49,2.49,3.01,0.03,0.00,-1.95,-2.38,0.18,-0.08,0.00,0.00
39.77,2.50,2.49,3.01,0.03,0.00,-1.21,-2.27,0.47,-0.07,0.00,0.00
39.81,2.49,2.49,3.01,0.03,0.00,-2.48,-2.38,-0.04,-0.08,0.00,0.00
39.85,2.50,2.50,3.01,0.02,0.00,-0.48,-1.32,0.64,-0.04,0.00,0.00
39.88,2.50,2.50,3.01,0.02,0.00,-1.32,-1.21,-0.09,-0.04,0.00,0.00
39.92,2.49,2.50,3.01,0.02,0.00,-2.38,-1.43,-0.67,-0.05,0.00,0.00
39.95,2.50,2.50,3.01,0.01,0.00,-1.21,-0.90,-0.35,-0.03,0.00,0.00
39.99,2.50,2.50,3.01,0.01,0.00,-0.69,-0.79,0.13,-0.03,0.00,0.00
40.02,2.49,2.50,3.01,0.02,0.00,-1.95,-1.53,-0.28,-0.05,0.00,0.00
40.06,2.51,2.49,3.01,0.03,0.00,2.90,-2.27,2.28,-0.07,0.00,0.00
40.09,2.50,2.51,3.01,-0.04,0.00,-0.16,2.69,-1.06,0.09,0.00,0.00
40.13,2.51,2.51,3.01,-0.07,0.00,3.64,4.49,-0.19,0.14,0.00,0.00
40.16,2.50,2.51,3.01,-0.06,0.00,0.26,3.96,-0.93,0.13,0.00,0.00
40.20,2.50,2.50,3.01,-0.01,0.00,-1.00,0.48,-3.11,0.02,0.00,0.00
40.24,2.49,2.49,3.01,0.03,0.00,-2.06,-1.74,-0.18,-0.06,0.00,0.00
40.27,2.50,2.50,3.01,0.02,0.00,0.69,-1.43,1.48,-0.05,0.00,0.00
40.31,2.49,2.49,3.01,0.04,0.00,-1.85,-2.80,0.34,-0.09,0.00,0.00
40.34,2.50,2.50,3.01,0.02,0.00,-0.16,-1.43,0.89,-0.05,0.00,0.00
40.38,2.51,2.49,3.01,0.04,0.00,1.95,-2.80,1.70,-0.09,0.00,0.00
40.41,2.51,2.51,3.01,-0.03,0.00,2.59,2.16,0.20,0.07,0.00,0.00
40.45,2.50,2.51,3.01,-0.02,0.00,1.53,1.64,-0.06,0.05,0.00,0.00
40.49,2.50,2.51,3.01,-0.03,0.00,1.43,2.16,-0.34,0.07,0.00,0.00
40.52,2.50,2.51,3.01,-0.03,0.00,-1.53,1.74,-1.88,0.06,0.00,0.00
40.56,2.50,2.49,3.01,0.03,0.00,-1.43,-1.74,0.18,-0.06,0.00,0.00
40.59,2.50,2.49,3.01,0.03,0.00,-1.00,-2.06,0.51,-0.07,0.00,0.00
40.63,2.50,2.50,3.01,0.02,0.00,-0.79,-1.53,0.48,-0.05,0.00,0.00
40.66,2.50,2.50,3.01,0.01,0.00,-1.00,-1.00,0.00,-0.03,0.00,0.00
40.70,2.50,2.49,3.01,0.03,0.00,-0.69,-1.74,0.61,-0.06,0.00,0.00
40.73,2.49,2.50,3.01,-0.01,0.00,-1.85,0.58,-4.18,0.02,0.00,0.00
40.77,2.49,2.50,3.01,0.01,0.00,-1.95,-0.90,-1.18,-0.03,0.00,0.00
40.81,2.49,2.49,3.01,0.03,0.00,-2.06,-1.74,-0.18,-0.06,0.00,0.00
40.84,2.49,2.50,3.01,0.01,0.00,-1.85,-0.37,-4.00,-0.01,0.00,0.00
40.88,2.49,2.51,3.01,-0.04,0.00,-1.95,2.80,-1.70,0.09,0.00,0.00
40.91,2.51,2.51,3.02,-0.06,0.00,3.85,3.75,0.03,0.12,0.00,0.00
40.95,2.52,2.51,3.01,-0.06,0.00,5.23,3.85,0.36,0.12,0.00,0.00
40.98,2.50,2.50,3.01,0.01,0.00,-0.05,-0.69,0.92,-0.02,0.00,0.00
41.02,2.50,2.49,3.01,0.03,0.00,-1.43,-1.85,0.23,-0.06,0.00,0.00
41.05,2.50,2.50,3.01,0.02,0.00,-0.26,-1.32,0.80,-0.04,0.00,0.00
41.09,2.50,2.50,3.01,0.01,0.00,-1.43,-0.79,-0.80,-0.03,0.00,0.00
41.12,2.50,2.50,3.01,0.02,0.00,-0.58,-1.43,0.59,-0.05,0.00,0.00
41.16,2.50,2.49,3.01,0.03,0.00,-1.53,-1.74,0.12,-0.06,0.00,0.00
41.19,2.50,2.50,3.01,0.01,0.00,-0.69,-0.69,0.00,-0.02,0.00,0.00
41.23,2.49,2.49,3.01,0.03,0.00,-1.85,-1.74,-0.06,-0.06,0.00,0.00
41.27,2.50,2.50,3.02,0.01,0.00,-1.43,-0.90,-0.59,-0.03,0.00,0.00
41.30,2.49,2.49,3.01,0.03,0.00,-3.54,-1.74,-1.03,-0.06,0.00,0.00
41.34,2.50,2.50,3.01,0.02,0.00,-0.90,-1.11,0.19,-0.04,0.00,0.00
41.37,2.49,2.49,3.01,0.03,0.00,-1.85,-2.38,0.22,-0.08,0.00,0.00
41.41,2.50,2.49,3.01,0.03,0.00,-0.69,-1.74,0.61,-0.06,0.00,0.00
41.44,2.49,2.49,3.01,0.03,0.00,-2.16,-2.38,0.09,-0.08,0.00,0.00
41.48,2.50,2.50,3.01,0.02,0.00,-0.26,-1.21,0.78,-0.04,0.00,0.00
41.51,2.49,2.49,3.01,0.03,0.00,-1.74,-2.16,0.20,-0.07,0.00,0.00
41.55,2.49,2.50,3.01,0.02,0.00,-2.16,-1.11,-0.95,-0.04,0.00,0.00
41.59,2.50,2.50,3.01,0.02,0.00,-1.11,-1.32,0.16,-0.04,0.00,0.00
41.62,2.50,2.51,3.01,-0.03,0.00,-0.79,1.95,-1.41,0.06,0.00,0.00
41.66,2.50,2.51,3.01,-0.06,0.00,0.48,4.17,-0.89,0.13,0.00,0.00
41.69,2.51,2.51,3.01,-0.06,0.00,4.06,3.85,0.05,0.12,0.00,0.00
41.73,2.52,2.51,3.01,-0.07,0.00,5.86,4.49,0.31,0.14,0.00,0.00
41.76,2.51,2.50,3.01,-0.01,0.00,2.59,0.48,4.44,0.02,0.00,0.00
41.80,2.50,2.50,3.01,0.02,0.00,-0.16,-1.53,0.90,-0.05,0.00,0.00
41.84,2.50,2.49,3.01,0.03,0.00,-1.11,-2.27,0.51,-0.07,0.00,0.00
41.87,2.50,2.50,3.01,0.01,0.00,-0.37,-0.37,0.00,-0.01,0.00,0.00
41.91,2.49,2.49,3.01,0.03,0.00,-1.85,-2.06,0.10,-0.07,0.00,0.00
41.94,2.50,2.50,3.01,0.02,0.00,-1.43,-1.21,-0.17,-0.04,0.00,0.00
41.98,2.49,2.49,3.01,0.03,0.00,-2.27,-2.16,-0.05,-0.07,0.00,0.00
42.01,2.50,2.50,3.01,0.01,0.00,1.11,-1.00,2.11,-0.03,0.00,0.00
42.05,2.51,2.50,3.01,0.01,0.00,1.85,-0.37,6.00,-0.01,0.00,0.00
42.08,2.50,2.51,3.01,-0.04,0.00,0.26,2.48,-0.89,0.08,0.00,0.00
42.12,2.49,2.49,3.01,0.03,0.00,-1.85,-1.95,0.05,-0.06,0.00,0.00
42.16,2.50,2.50,3.01,0.01,0.00,-0.48,-1.00,0.53,-0.03,0.00,0.00
42.19,2.50,2.49,3.01,0.03,0.00,-1.21,-2.27,0.47,-0.07,0.00,0.00
42.23,2.50,2.50,3.01,0.01,0.00,-0.79,-0.69,-0.15,-0.02,0.00,0.00
42.26,2.50,2.50,3.01,0.02,0.00,-1.43,-1.53,0.07,-0.05,0.00,0.00
42.30,2.49,2.50,3.01,0.01,0.00,-1.74,-0.90,-0.94,-0.03,0.00,0.00
42.33,2.49,2.50,3.01,0.02,0.00,-1.95,-1.43,-0.37,-0.05,0.00,0.00
42.37,2.50,2.50,3.01,0.02,0.00,-1.53,-1.43,-0.07,-0.05,0.00,0.00
42.40,2.49,2.49,3.01,0.03,0.00,-1.85,-2.38,0.22,-0.08,0.00,0.00
42.44,2.50,2.50,3.01,0.02,0.00,-0.79,-1.43,0.44,-0.05,0.00,0.00
42.48,2.49,2.49,3.01,0.03,0.00,-2.06,-2.38,0.13,-0.08,0.00,0.00
42.51,2.50,2.49,3.01,0.02,0.00,0.05,-1.64,1.03,-0.05,0.00,0.00
42.55,2.49,2.49,3.01,0.03,0.00,-1.95,-2.06,0.05,-0.07,0.00,0.00
42.58,2.50,2.50,3.01,0.01,0.00,-1.00,-0.90,-0.12,-0.03,0.00,0.00
42.62,2.49,2.49,3.01,0.03,0.00,-2.16,-1.74,-0.24,-0.06,0.00,0.00
42.65,2.50,2.50,3.01,0.01,0.00,0.26,-0.69,1.38,-0.02,0.00,0.00
42.69,2.51,2.49,3.01,0.03,0.00,2.27,-2.27,2.00,-0.07,0.00,0.00
42.72,2.51,2.50,3.01,0.01,0.00,4.80,-0.90,6.35,-0.03,0.00,0.00
42.76,2.50,2.51,3.01,-0.03,0.00,0.05,2.06,-0.97,0.07,0.00,0.00
42.80,2.51,2.50,3.01,0.01,0.00,3.64,-0.48,8.67,-0.02,0.00,0.00
42.83,2.50,2.49,3.01,0.03,0.00,1.00,-1.95,1.51,-0.06,0.00,0.00
42.87,2.50,2.50,3.01,0.01,0.00,0.37,-1.00,1.37,-0.03,0.00,0.00
42.90,2.50,2.51,3.01,-0.04,0.00,-1.53,2.59,-1.59,0.08,0.00,0.00
42.94,2.51,2.50,3.01,-0.02,0.00,3.22,1.32,1.44,0.04,0.00,0.00
42.97,2.50,2.50,3.01,0.01,0.00,0.26,-0.79,1.33,-0.03,0.00,0.00
43.01,2.50,2.50,3.01,0.01,0.00,-0.79,-1.00,0.21,-0.03,0.00,0.00
43.04,2.49,2.49,3.01,0.03,0.00,-2.27,-1.95,-0.16,-0.06,0.00,0.00
43.08,2.50,2.49,3.02,0.03,0.00,-1.21,-2.16,0.44,-0.07,0.00,0.00
43.11,2.49,2.49,3.01,0.03,0.00,-1.64,-2.38,0.31,-0.08,0.00,0.00
43.15,2.50,2.49,3.01,0.02,0.00,-0.37,-1.64,0.77,-0.05,0.00,0.00
43.19,2.50,2.49,3.01,0.04,0.00,-1.21,-2.80,0.57,-0.09,0.00,0.00
43.22,2.50,2.50,3.01,0.02,0.00,-0.26,-1.43,0.81,-0.05,0.00,0.00
43.26,2.50,2.50,3.01,0.01,0.00,1.21,-0.58,3.09,-0.02,0.00,0.00
43.29,2.51,2.51,3.01,-0.06,0.00,4.49,4.38,0.02,0.14,0.00,0.00
43.33,2.51,2.51,3.01,-0.03,0.00,4.17,2.38,0.76,0.08,0.00,0.00
43.36,2.51,2.50,3.01,-0.00,0.00,2.90,0.05,10.00,0.00,0.00,0.00
43.40,2.50,2.50,3.01,0.02,0.00,-1.43,-1.53,0.07,-0.05,0.00,0.00
43.43,2.50,2.50,3.01,0.01,0.00,-0.58,-1.00,0.42,-0.03,0.00,0.00
43.47,2.50,2.49,3.01,0.04,0.00,-1.32,-2.69,0.51,-0.09,0.00,0.00
43.51,2.50,2.50,3.01,0.02,0.00,-0.48,-1.32,0.64,-0.04,0.00,0.00
43.54,2.50,2.49,3.01,0.03,0.00,-1.21,-2.27,0.47,-0.07,0.00,0.00
43.58,2.50,2.50,3.01,0.01,0.00,-0.79,-0.69,-0.15,-0.02,0.00,0.00
43.61,2.49,2.50,3.01,0.02,0.00,-1.85,-1.43,-0.30,-0.05,0.00,0.00
43.65,2.50,2.49,3.01,0.03,0.00,-1.21,-2.16,0.44,-0.07,0.00,0.00
43.68,2.49,2.49,3.01,0.02,0.00,-2.06,-1.64,-0.26,-0.05,0.00,0.00
43.72,2.50,2.49,3.01,0.03,0.00,0.58,-2.16,1.27,-0.07,0.00,0.00
43.75,2.50,2.49,3.01,0.03,0.00,-1.21,-2.27,0.47,-0.07,0.00,0.00
43.79,2.51,2.49,3.01,0.02,0.00,4.59,-1.64,3.81,-0.05,0.00,0.00
43.83,2.50,2.49,3.01,0.03,0.00,0.16,-2.38,1.07,-0.08,0.00,0.00
43.86,2.51,2.50,3.01,0.02,0.00,4.80,-1.32,4.64,-0.04,0.00,0.00
43.90,2.50,2.51,3.01,-0.04,0.00,-0.58,3.01,-1.19,0.10,0.00,0.00
43.93,2.50,2.50,3.01,-0.01,0.00,-1.32,0.69,-2.92,0.02,0.00,0.00
43.97,2.50,2.50,3.01,0.02,0.00,-1.53,-1.32,-0.16,-0.04,0.00,0.00
44.00,2.50,2.50,3.01,0.01,0.00,-1.53,-0.37,-3.14,-0.01,0.00,0.00
44.04,2.49,2.49,3.01,0.03,0.00,-2.27,-2.06,-0.10,-0.07,0.00,0.00
44.08,2.50,2.49,3.01,0.03,0.00,-1.11,-1.85,0.40,-0.06,0.00,0.00
44.11,2.50,2.50,3.01,0.01,0.00,-0.79,-0.90,0.12,-0.03,0.00,0.00
44.15,2.50,2.49,3.01,0.03,0.00,-1.00,-1.85,0.46,-0.06,0.00,0.00
44.18,2.50,2.49,3.01,0.04,0.00,-1.00,-2.48,0.60,-0.08,0.00,0.00
44.22,2.49,2.50,3.01,0.02,0.00,-2.27,-1.32,-0.72,-0.04,0.00,0.00
44.25,2.50,2.50,3.01,0.01,0.00,-1.43,-0.90,-0.59,-0.03,0.00,0.00
44.29,2.49,2.50,3.01,0.02,0.00,-2.27,-1.53,-0.48,-0.05,0.00,0.00
44.32,2.49,2.50,3.01,0.01,0.00,-1.95,-0.69,-1.85,-0.02,0.00,0.00
44.36,2.50,2.50,3.01,0.01,0.00,-1.53,-0.79,-0.93,-0.03,0.00,0.00
44.39,2.50,2.50,3.01,0.02,0.00,-0.37,-1.32,0.72,-0.04,0.00,0.00
44.43,2.50,2.49,3.02,0.03,0.00,-1.53,-2.06,0.26,-0.07,0.00,0.00
44.46,2.49,2.49,3.01,0.03,0.00,-2.06,-2.16,0.05,-0.07,0.00,0.00
44.50,2.50,2.50,3.01,0.02,0.00,-0.79,-1.43,0.44,-0.05,0.00,0.00
44.54,2.50,2.49,3.01,0.03,0.00,-0.79,-2.27,0.65,-0.07,0.00,0.00
44.57,2.50,2.50,3.01,0.02,0.00,-0.37,-1.21,0.70,-0.04,0.00,0.00
44.61,2.50,2.49,3.01,0.03,0.00,-0.90,-2.27,0.60,-0.07,0.00,0.00
44.64,2.50,2.50,3.01,0.01,0.00,-0.58,-1.00,0.42,-0.03,0.00,0.00
44.68,2.49,2.50,3.01,0.01,0.00,-1.74,-1.00,-0.74,-0.03,0.00,0.00
44.71,2.49,2.50,3.01,0.01,0.00,-1.85,-0.79,-1.33,-0.03,0.00,0.00
44.75,2.49,2.50,3.01,0.02,0.00,-2.48,-1.53,-0.62,-0.05,0.00,0.00
44.78,2.50,2.50,3.01,0.01,0.00,-0.79,-0.90,0.12,-0.03,0.00,0.00
44.82,2.49,2.49,3.01,0.03,0.00,-2.27,-2.38,0.04,-0.08,0.00,0.00
44.86,2.50,2.50,3.01,0.02,0.00,-0.58,-1.21,0.52,-0.04,0.00,0.00
44.89,2.50,2.49,3.01,0.04,0.00,-0.90,-2.80,0.68,-0.09,0.00,0.00
44.93,2.50,2.50,3.01,0.02,0.00,-0.37,-1.11,0.67,-0.04,0.00,0.00
44.96,2.50,2.50,3.01,0.01,0.00,-1.21,-0.79,-0.53,-0.03,0.00,0.00
45.00,2.49,2.49,3.01,0.02,0.00,-2.38,-1.64,-0.45,-0.05,0.00,0.00
45.03,2.50,2.50,3.01,0.01,0.00,-1.21,-0.58,-1.09,-0.02,0.00,0.00
45.07,2.49,2.50,3.01,0.02,0.00,-3.43,-1.11,-2.10,-0.04,0.00,0.00
45.10,2.50,2.50,3.01,0.02,0.00,-1.43,-1.43,0.00,-0.05,0.00,0.00
45.14,2.50,2.49,3.01,0.04,0.00,-1.43,-2.48,0.43,-0.08,0.00,0.00
45.18,2.49,2.49,3.01,0.03,0.00,-2.06,-1.85,-0.11,-0.06,0.00,0.00
45.21,2.50,2.49,3.01,0.03,0.00,-1.00,-2.06,0.51,-0.07,0.00,0.00
45.25,2.50,2.49,3.01,0.03,0.00,-0.48,-2.16,0.78,-0.07,0.00,0.00
45.28,2.50,2.49,3.01,0.03,0.00,-1.11,-2.06,0.46,-0.07,0.00,0.00
45.32,2.50,2.49,3.01,0.03,0.00,-0.69,-2.27,0.70,-0.07,0.00,0.00
45.35,2.50,2.50,3.01,-0.02,0.00,-0.37,1.11,-1.33,0.04,0.00,0.00
45.39,2.50,2.51,3.01,-0.06,0.00,0.37,3.75,-0.90,0.12,0.00,0.00
45.43,2.51,2.52,3.01,-0.07,0.00,3.96,5.01,-0.21,0.16,0.00,0.00
45.46,2.51,2.51,3.01,-0.04,0.00,2.16,2.48,-0.13,0.08,0.00,0.00
45.50,2.50,2.50,3.02,0.00,0.00,-0.79,-0.16,-4.00,-0.01,0.00,0.00
45.53,2.49,2.49,3.01,0.03,0.00,-1.95,-1.85,-0.06,-0.06,0.00,0.00
45.57,2.50,2.49,3.02,0.03,0.00,-1.11,-2.06,0.46,-0.07,0.00,0.00
45.60,2.50,2.49,3.01,0.04,0.00,-0.90,-2.59,0.65,-0.08,0.00,0.00
45.64,2.50,2.49,3.02,0.03,0.00,-1.21,-1.74,0.30,-0.06,0.00,0.00
45.67,2.50,2.49,3.01,0.03,0.00,-0.90,-2.16,0.59,-0.07,0.00,0.00
45.71,2.49,2.50,3.01,0.02,0.00,-2.06,-1.53,-0.34,-0.05,0.00,0.00
45.75,2.50,2.50,3.01,0.01,0.00,-1.11,-0.79,-0.40,-0.03,0.00,0.00
45.78,2.49,2.49,3.01,0.03,0.00,-2.16,-2.38,0.09,-0.08,0.00,0.00
45.82,2.49,2.49,3.02,0.03,0.00,-1.95,-1.74,-0.12,-0.06,0.00,0.00
45.85,2.50,2.49,3.02,0.03,0.00,-1.21,-2.06,0.41,-0.07,0.00,0.00
45.89,2.50,2.49,3.01,0.03,0.00,-0.69,-1.95,0.65,-0.06,0.00,0.00
45.92,2.50,2.49,3.01,0.03,0.00,-1.32,-1.85,0.29,-0.06,0.00,0.00
45.96,2.50,2.49,3.01,0.03,0.00,-0.58,-2.27,0.74,-0.07,0.00,0.00
45.99,2.50,2.50,3.01,0.02,0.00,-0.48,-1.32,0.64,-0.04,0.00,0.00
46.03,2.50,2.50,3.01,0.02,0.00,-1.43,-1.21,-0.17,-0.04,0.00,0.00
46.06,2.49,2.50,3.01,0.02,0.00,-2.16,-1.43,-0.52,-0.05,0.00,0.00
46.10,2.49,2.50,3.01,0.02,0.00,-3.22,-1.43,-1.26,-0.05,0.00,0.00
46.14,2.50,2.50,3.02,0.01,0.00,-1.43,-0.69,-1.08,-0.02,0.00,0.00
46.17,2.49,2.49,3.01,0.03,0.00,-2.38,-2.16,-0.10,-0.07,0.00,0.00
46.21,2.50,2.49,3.01,0.03,0.00,-0.90,-2.16,0.59,-0.07,0.00,0.00
46.24,2.50,2.49,3.01,0.03,0.00,-0.69,-2.16,0.68,-0.07,0.00,0.00
46.28,2.51,2.50,3.01,0.01,0.00,3.64,-1.00,4.63,-0.03,0.00,0.00
46.31,2.51,2.51,3.01,-0.05,0.00,4.80,3.33,0.44,0.11,0.00,0.00
46.35,2.51,2.51,3.01,-0.07,0.00,4.17,4.59,-0.09,0.15,0.00,0.00
46.39,2.50,2.51,3.01,-0.07,0.00,1.11,4.80,-0.77,0.15,0.00,0.00
46.42,2.50,2.50,3.02,0.01,0.00,-0.58,-0.37,-0.57,-0.01,0.00,0.00
46.46,2.50,2.49,3.01,0.03,0.00,-1.11,-1.74,0.36,-0.06,0.00,0.00
46.49,2.50,2.49,3.01,0.03,0.00,-0.90,-1.95,0.54,-0.06,0.00,0.00
46.53,2.50,2.49,3.01,0.03,0.00,-0.79,-2.38,0.67,-0.08,0.00,0.00
46.56,2.50,2.51,3.01,-0.04,0.00,-0.58,2.69,-1.22,0.09,0.00,0.00
46.60,2.50,2.52,3.01,-0.08,0.00,-1.32,5.12,-1.26,0.16,0.00,0.00
46.63,2.49,2.51,3.01,-0.03,0.00,-1.85,1.74,-2.06,0.06,0.00,0.00
46.67,2.49,2.50,3.01,0.01,0.00,-1.85,-0.79,-1.33,-0.03,0.00,0.00
46.70,2.49,2.50,3.01,0.01,0.00,-1.74,-0.37,-3.71,-0.01,0.00,0.00
46.74,2.50,2.49,3.01,0.03,0.00,-0.16,-1.85,0.91,-0.06,0.00,0.00
46.78,2.50,2.49,3.01,0.03,0.00,-1.11,-2.16,0.49,-0.07,0.00,0.00
46.81,2.50,2.50,3.01,0.01,0.00,-0.58,-0.48,-0.22,-0.02,0.00,0.00
46.85,2.50,2.50,3.01,0.02,0.00,-0.79,-1.53,0.48,-0.05,0.00,0.00
46.88,2.50,2.50,3.02,0.01,0.00,-1.43,-1.00,-0.42,-0.03,0.00,0.00
46.92,2.49,2.49,3.01,0.03,0.00,-2.27,-2.16,-0.05,-0.07,0.00,0.00
46.96,2.50,2.50,3.01,0.02,0.00,-0.90,-1.43,0.37,-0.05,0.00,0.00
46.99,2.49,2.49,3.01,0.04,0.00,-2.06,-2.59,0.20,-0.08,0.00,0.00
47.03,2.50,2.49,3.02,0.03,0.00,-0.37,-2.38,0.84,-0.08,0.00,0.00
47.06,2.49,2.49,3.01,0.03,0.00,-1.85,-1.74,-0.06,-0.06,0.00,0.00
47.10,2.50,2.50,3.01,0.01,0.00,-1.11,-0.48,-1.33,-0.02,0.00,0.00
47.13,2.49,2.49,3.01,0.03,0.00,-2.06,-1.85,-0.11,-0.06,0.00,0.00
47.17,2.50,2.50,3.01,0.01,0.00,-1.43,-0.48,-2.00,-0.02,0.00,0.00
47.20,2.49,2.50,3.01,0.01,0.00,-2.16,-1.00,-1.16,-0.03,0.00,0.00
47.24,2.50,2.49,3.01,0.02,0.00,-1.43,-1.64,0.13,-0.05,0.00,0.00
47.27,2.49,2.50,3.01,0.01,0.00,-1.74,-0.69,-1.54,-0.02,0.00,0.00
47.31,2.49,2.50,3.01,0.02,0.00,-3.22,-1.43,-1.26,-0.05,0.00,0.00
47.34,2.50,2.50,3.01,0.02,0.00,-0.90,-1.11,0.19,-0.04,0.00,0.00
47.38,2.50,2.49,3.01,0.04,0.00,-0.58,-2.48,0.77,-0.08,0.00,0.00
47.42,2.50,2.49,3.01,0.03,0.00,-0.69,-1.74,0.61,-0.06,0.00,0.00
47.45,2.50,2.49,3.01,0.03,0.00,-1.11,-2.06,0.46,-0.07,0.00,0.00
47.49,2.50,2.50,3.01,0.01,0.00,-0.37,-1.00,0.63,-0.03,0.00,0.00
47.52,2.49,2.50,3.01,0.02,0.00,-1.74,-1.53,-0.14,-0.05,0.00,0.00
47.56,2.49,2.49,3.01,0.03,0.00,-1.95,-2.38,0.18,-0.08,0.00,0.00
47.59,2.49,2.50,3.01,0.02,0.00,-1.64,-1.21,-0.35,-0.04,0.00,0.00
47.63,2.50,2.50,3.01,0.01,0.00,-1.11,-0.69,-0.62,-0.02,0.00,0.00
47.66,2.49,2.49,3.01,0.03,0.00,-2.16,-2.06,-0.05,-0.07,0.00,0.00
47.70,2.50,2.49,3.01,0.03,0.00,-1.00,-1.95,0.49,-0.06,0.00,0.00
47.74,2.50,2.50,3.01,0.01,0.00,-0.79,-0.48,-0.67,-0.02,0.00,0.00
47.77,2.50,2.50,3.01,0.02,0.00,-0.48,-1.32,0.64,-0.04,0.00,0.00
47.81,2.49,2.50,3.01,0.02,0.00,-1.95,-1.43,-0.37,-0.05,0.00,0.00
47.84,2.49,2.50,3.01,0.01,0.00,-1.85,-0.69,-1.69,-0.02,0.00,0.00
47.88,2.49,2.49,3.01,0.03,0.00,-1.95,-1.85,-0.06,-0.06,0.00,0.00
47.91,2.50,2.50,3.01,0.02,0.00,-1.11,-1.53,0.28,-0.05,0.00,0.00
47.95,2.50,2.49,3.01,0.03,0.00,-1.53,-2.27,0.33,-0.07,0.00,0.00
47.98,2.50,2.50,3.01,0.02,0.00,-0.79,-1.32,0.40,-0.04,0.00,0.00
48.02,2.49,2.49,3.01,0.03,0.00,-1.85,-2.27,0.19,-0.07,0.00,0.00
48.06,2.50,2.49,3.01,0.02,0.00,-0.37,-1.64,0.77,-0.05,0.00,0.00
48.09,2.49,2.49,3.01,0.03,0.00,-2.16,-2.06,-0.05,-0.07,0.00,0.00
48.13,2.50,2.51,3.01,-0.06,0.00,-1.21,3.75,-1.32,0.12,0.00,0.00
48.16,2.51,2.50,3.01,0.01,0.00,2.69,-0.48,6.67,-0.02,0.00,0.00
48.20,2.50,2.49,3.01,0.03,0.00,0.37,-1.74,1.21,-0.06,0.00,0.00
48.23,2.50,2.49,3.01,0.03,0.00,-0.48,-2.16,0.78,-0.07,0.00,0.00
48.27,2.50,2.50,3.01,0.02,0.00,-0.16,-1.21,0.87,-0.04,0.00,0.00
48.30,2.50,2.50,3.01,0.01,0.00,-1.53,-0.90,-0.71,-0.03,0.00,0.00
48.34,2.50,2.50,3.01,0.02,0.00,-0.58,-1.43,0.59,-0.05,0.00,0.00
48.38,2.51,2.50,3.01,0.02,0.00,1.74,-1.21,2.43,-0.04,0.00,0.00
