0.00,0.00,0.00,0.00,12.00,0.00,-810.00,-810.00,0.00,-25.92,0.00,0.00
0.04,2.49,2.50,3.01,0.01,0.00,-1.85,-0.90,-1.06,-0.03,0.20,0.00
0.07,2.52,2.49,3.01,0.03,0.00,7.13,-1.74,5.09,-0.06,0.00,0.00
0.11,2.57,2.50,3.01,0.00,0.00,21.06,-0.16,10.00,-0.01,0.00,0.00
0.14,2.57,2.51,3.01,-0.05,0.00,21.17,3.11,5.80,0.10,0.00,0.00
0.18,2.55,2.52,3.01,-0.11,0.00,15.99,7.44,1.15,0.24,0.00,0.00
0.21,2.54,2.53,3.01,-0.14,0.00,12.51,9.45,0.32,0.30,0.00,0.00
0.25,2.54,2.53,3.01,-0.16,0.00,14.20,10.82,0.31,0.35,0.00,0.00
0.28,2.53,2.53,3.01,-0.16,0.00,10.93,11.03,-0.01,0.35,0.00,0.00
0.32,2.53,2.54,3.01,-0.17,0.00,10.61,11.56,-0.08,0.37,0.00,0.00
0.36,2.52,2.52,3.01,-0.10,0.00,6.91,7.02,-0.02,0.22,0.00,0.00
0.39,2.52,2.51,3.01,-0.06,0.00,5.01,4.17,0.20,0.13,0.00,0.00
0.43,2.51,2.51,3.01,-0.06,0.00,4.28,4.28,0.00,0.14,0.00,0.00
0.46,2.52,2.51,3.01,-0.07,0.00,5.33,4.59,0.16,0.15,0.00,0.00
0.50,2.52,2.51,3.01,-0.06,0.00,5.44,4.28,0.27,0.14,0.00,0.00
0.53,2.52,2.51,3.01,-0.07,0.00,5.33,4.49,0.19,0.14,0.00,0.00
0.57,2.51,2.52,3.01,-0.08,0.00,4.80,5.23,-0.08,0.17,0.00,0.00
0.60,2.51,2.52,3.01,-0.07,0.00,4.49,5.01,-0.11,0.16,0.00,0.00
0.64,2.52,2.52,3.01,-0.08,0.00,4.91,5.23,-0.06,0.17,0.00,0.00
0.68,2.51,2.52,3.01,-0.07,0.00,4.70,5.01,-0.06,0.16,0.00,0.00
0.71,2.51,2.52,3.01,-0.08,0.00,4.49,5.65,-0.21,0.18,0.00,0.00
0.75,2.52,2.51,3.02,-0.07,0.00,5.12,4.49,0.14,0.14,0.00,0.00
0.78,2.52,2.51,3.01,-0.06,0.00,5.54,4.38,0.27,0.14,0.00,0.00
0.82,2.52,2.51,3.01,-0.07,0.00,5.44,4.49,0.21,0.14,0.00,0.00
0.85,2.52,2.51,3.01,-0.06,0.00,5.23,3.96,0.32,0.13,0.00,0.00
0.89,2.52,2.52,3.01,-0.08,0.00,5.65,5.44,0.04,0.17,0.00,0.00
0.92,2.51,2.51,3.01,-0.06,0.00,4.80,4.06,0.18,0.13,0.00,0.00
0.96,2.52,2.52,3.01,-0.09,0.00,5.65,5.86,-0.04,0.19,0.00,0.00
0.99,2.52,2.52,3.01,-0.07,0.00,6.07,4.91,0.24,0.16,0.00,0.00
1.03,2.52,2.52,3.01,12.00,0.00,4.91,4.91,0.00,0.16,0.00,20.00
1.07,2.51,2.51,3.01,12.00,0.00,4.59,3.85,0.19,0.12,0.20,20.00
1.10,2.58,2.52,3.01,0.00,0.00,25.50,4.91,4.19,0.16,0.20,20.00
1.14,2.74,2.51,3.02,0.00,0.00,77.44,3.96,10.00,0.13,0.20,20.00
1.17,2.83,2.53,3.01,0.00,0.00,105.73,8.39,10.00,0.27,0.20,20.00
1.21,2.84,2.53,3.01,0.00,0.00,108.79,11.24,8.68,0.36,0.20,20.00
1.24,2.80,2.55,3.01,0.00,0.00,98.45,16.10,5.11,0.52,0.20,20.00
1.28,2.75,2.55,3.01,0.00,0.00,80.82,16.31,3.95,0.52,0.20,20.00
1.31,2.71,2.57,3.01,0.00,0.00,67.62,22.65,1.99,0.72,0.20,20.00
1.35,2.68,2.57,3.01,0.00,0.00,59.38,23.28,1.55,0.74,0.20,20.00
1.39,2.65,2.59,3.01,0.00,0.00,48.40,28.98,0.67,0.93,0.20,20.00
1.42,2.61,2.59,3.01,1.72,0.00,34.68,30.04,0.15,0.96,0.20,20.00
1.46,2.60,2.59,3.01,0.00,0.00,32.25,30.46,0.06,0.97,0.20,20.00
1.49,2.59,2.59,3.01,0.00,0.00,30.25,30.14,0.00,0.96,0.20,20.00
1.53,2.59,2.60,3.01,0.00,0.00,30.35,31.09,-0.02,0.99,0.20,20.00
1.57,2.60,2.59,3.01,0.00,0.00,31.72,30.35,0.05,0.97,0.20,20.00
1.60,2.59,2.59,3.01,0.00,0.00,30.77,29.72,0.04,0.95,0.20,20.00
1.64,2.59,2.59,3.01,0.00,0.00,30.14,29.40,0.03,0.94,0.20,20.00
1.67,2.60,2.59,3.01,0.00,0.00,31.41,30.25,0.04,0.97,0.20,20.00
1.71,2.60,2.60,3.01,0.00,0.00,31.30,31.20,0.00,1.00,0.20,20.00
1.74,2.58,2.58,3.01,0.00,0.00,27.50,27.40,0.00,0.88,0.20,20.00
1.78,2.58,2.58,3.02,0.88,0.00,25.28,25.92,-0.02,0.83,0.20,20.00
1.82,2.57,2.57,3.01,0.00,0.00,23.70,23.38,0.01,0.75,0.20,20.00
1.85,2.58,2.58,3.01,0.72,0.00,24.65,24.86,-0.01,0.80,0.20,20.00
1.89,2.58,2.57,3.01,0.00,0.00,25.18,23.70,0.06,0.76,0.20,20.00
1.92,2.57,2.57,3.01,0.43,0.00,23.91,23.38,0.02,0.75,0.20,20.00
1.96,2.58,2.58,3.01,0.62,0.00,24.97,24.76,0.01,0.79,0.20,20.00
1.99,2.57,2.57,3.01,2.26,0.00,23.38,24.02,-0.03,0.77,0.20,20.00
2.03,2.58,2.57,3.01,0.00,0.00,25.07,24.12,0.04,0.77,0.20,20.00
2.07,2.59,2.58,3.01,0.00,0.00,29.30,24.76,0.18,0.79,0.20,20.00
2.10,2.59,2.59,3.01,3.69,0.00,29.61,29.19,0.01,0.93,0.20,20.00
2.14,2.60,2.60,3.01,1.24,0.00,31.41,31.09,0.01,0.99,0.20,20.00
2.18,2.60,2.60,3.01,2.34,0.00,30.99,31.30,-0.01,1.00,0.20,20.00
2.21,2.60,2.59,3.01,0.00,0.00,32.57,29.40,0.11,0.94,0.20,20.00
2.25,2.61,2.60,3.01,0.00,0.00,35.52,32.25,0.10,1.03,0.20,20.00
2.28,2.61,2.61,3.01,3.42,0.00,36.90,36.58,0.01,1.17,0.20,20.00
2.32,2.61,2.61,3.01,3.43,0.00,36.16,36.90,-0.02,1.18,0.20,20.00
2.36,2.62,2.62,3.01,0.00,0.00,40.17,37.64,0.07,1.20,0.20,20.00
2.39,2.64,2.62,3.02,0.00,0.00,45.34,40.06,0.13,1.28,0.20,20.00
2.43,2.65,2.63,3.01,0.00,0.00,48.09,41.96,0.15,1.34,0.20,20.00
2.46,2.65,2.64,3.02,0.00,0.00,50.09,45.03,0.11,1.44,0.20,20.00
2.50,2.65,2.64,3.01,2.36,0.00,47.45,45.13,0.05,1.44,0.20,20.00
2.54,2.64,2.63,3.02,2.78,0.00,44.39,43.34,0.02,1.39,0.20,20.00
2.57,2.65,2.63,3.01,0.00,0.00,47.45,42.81,0.11,1.37,0.20,20.00
2.61,2.65,2.64,3.01,1.52,0.00,50.20,46.61,0.08,1.49,0.20,20.00
2.64,2.66,2.65,3.01,3.38,0.00,50.83,49.35,0.03,1.58,0.20,20.00
2.68,2.66,2.65,3.01,2.45,0.00,50.83,49.04,0.04,1.57,0.20,20.00
2.72,2.67,2.66,3.01,2.87,0.00,54.84,53.05,0.03,1.70,0.20,20.00
2.75,2.68,2.67,3.01,0.09,0.00,59.91,54.74,0.09,1.75,0.20,20.00
2.79,2.71,2.69,3.01,0.00,0.00,67.94,60.55,0.12,1.94,0.20,20.00
2.82,2.70,2.69,3.01,4.21,0.00,64.13,61.50,0.04,1.97,0.20,20.00
2.86,2.70,2.69,3.01,4.58,0.00,63.71,62.97,0.01,2.02,0.20,20.00
2.90,2.70,2.69,3.01,4.18,0.00,63.50,62.66,0.01,2.01,0.20,20.00
2.93,2.71,2.69,3.01,0.35,0.00,68.46,62.34,0.10,1.99,0.20,20.00
2.97,2.74,2.70,3.01,0.00,0.00,79.13,64.87,0.22,2.08,0.20,20.00
3.00,2.75,2.72,3.01,0.77,0.00,81.24,69.84,0.16,2.23,0.20,20.00
3.04,2.74,2.73,3.01,5.80,0.00,76.91,73.95,0.04,2.37,0.20,20.00
3.07,2.72,2.72,3.01,5.44,0.00,71.42,70.89,0.01,2.27,0.20,20.00
3.11,2.75,2.73,3.01,1.33,0.00,81.13,74.69,0.09,2.39,0.20,20.00
3.15,2.79,2.73,3.01,0.00,0.00,95.49,74.16,0.29,2.37,0.20,20.00
3.18,2.86,2.75,3.01,0.00,0.00,116.29,81.55,0.43,2.61,0.20,20.00
3.22,2.88,2.75,3.01,0.00,0.00,124.73,81.45,0.53,2.61,0.20,20.00
3.25,2.86,2.77,3.02,0.00,0.00,116.82,85.99,0.36,2.75,0.20,20.00
3.29,2.81,2.77,3.01,4.18,0.00,99.61,87.78,0.13,2.81,0.20,20.00
3.33,2.78,2.78,3.01,6.08,0.00,90.95,89.37,0.02,2.86,0.20,20.00
3.36,2.79,2.77,3.01,1.96,0.00,94.75,88.84,0.07,2.84,0.20,20.00
3.40,2.81,2.79,3.01,3.05,0.00,100.03,94.01,0.06,3.01,0.20,20.00
3.43,2.83,2.79,3.01,0.74,0.00,105.94,95.07,0.11,3.04,0.20,20.00
3.47,2.83,2.81,3.01,3.66,0.00,106.89,99.61,0.07,3.19,0.20,20.00
3.51,2.82,2.81,3.02,5.63,0.00,103.41,101.40,0.02,3.24,0.20,20.00
3.54,2.83,2.82,3.01,3.78,0.00,106.89,102.35,0.04,3.28,0.20,20.00
3.58,2.85,2.83,3.01,3.79,0.00,112.80,106.79,0.06,3.42,0.20,20.00
3.61,2.87,2.84,3.01,3.29,0.00,119.35,111.11,0.07,3.56,0.20,20.00
3.65,2.88,2.85,3.01,2.58,0.00,124.10,113.01,0.10,3.62,0.20,20.00
3.68,2.91,2.87,3.01,2.44,0.00,132.12,118.82,0.11,3.80,0.20,20.00
3.72,2.91,2.87,3.01,2.75,0.00,134.02,120.51,0.11,3.86,0.20,20.00
3.76,2.91,2.89,3.01,5.12,0.00,134.13,126.00,0.06,4.03,0.20,20.00
3.79,2.92,2.89,3.01,4.45,0.00,134.66,126.42,0.07,4.05,0.20,20.00
3.83,2.92,2.91,3.01,5.53,0.00,137.61,131.60,0.05,4.21,0.20,20.00
3.87,2.95,2.91,3.01,2.46,0.00,147.11,132.97,0.11,4.25,0.20,20.00
3.90,2.99,2.92,3.01,0.65,0.00,159.57,136.66,0.17,4.37,0.20,20.00
3.94,3.01,2.93,3.01,0.92,0.00,165.38,139.62,0.18,4.47,0.20,20.00
3.97,2.99,2.94,3.01,5.17,0.00,157.88,143.31,0.10,4.59,0.20,20.00
4.01,2.97,2.96,3.01,7.38,0.00,151.65,147.43,0.03,4.72,0.20,20.00
4.04,2.97,2.95,3.01,6.05,0.00,151.55,146.48,0.03,4.69,0.20,20.00
4.08,3.01,2.96,3.01,3.43,0.00,163.69,149.44,0.10,4.78,0.20,20.00
4.12,3.06,2.97,3.01,0.00,0.00,182.48,151.65,0.20,4.85,0.20,20.00
4.15,3.09,2.98,3.01,0.00,0.00,192.19,155.67,0.23,4.98,0.20,20.00
4.19,3.10,2.99,3.01,1.03,0.00,192.93,158.52,0.22,5.07,0.20,20.00
4.22,3.04,3.00,3.01,7.53,0.00,174.46,162.32,0.07,5.19,0.20,20.00
4.26,2.99,3.00,3.01,9.97,0.00,158.41,162.21,-0.02,5.19,0.20,20.00
4.30,3.01,2.99,3.02,5.72,0.00,165.17,159.36,0.04,5.10,0.20,20.00
4.33,3.08,3.00,3.01,1.23,0.00,188.71,163.48,0.15,5.23,0.20,20.00
4.37,3.16,3.01,3.01,0.00,0.00,215.10,166.33,0.29,5.32,0.20,20.00
4.40,3.19,3.02,3.01,0.00,0.00,223.55,168.86,0.32,5.40,0.20,20.00
4.44,3.17,3.03,3.01,0.75,0.00,216.37,171.50,0.26,5.49,0.20,20.00
4.48,3.11,3.04,3.01,5.64,0.00,197.37,173.93,0.13,5.57,0.20,20.00
4.51,3.04,3.04,3.01,9.96,0.00,176.25,175.72,0.00,5.62,0.20,20.00
4.55,3.04,3.02,3.01,6.61,0.00,174.88,169.60,0.03,5.43,0.20,20.00
4.58,3.07,3.04,3.01,5.76,0.00,184.91,174.04,0.06,5.57,0.20,20.00
4.62,3.15,3.05,3.01,0.87,0.00,209.82,178.05,0.18,5.70,0.20,20.00
4.66,3.21,3.06,3.01,0.00,0.00,230.41,180.48,0.28,5.78,0.20,20.00
4.69,3.24,3.07,3.01,0.00,0.00,239.07,184.28,0.30,5.90,0.20,20.00
4.73,3.22,3.07,3.01,1.00,0.00,232.73,185.44,0.26,5.93,0.20,20.00
4.76,3.16,3.09,3.01,7.07,0.00,212.46,191.03,0.11,6.11,0.20,20.00
4.80,3.09,3.09,3.01,9.78,0.00,192.62,191.45,0.01,6.13,0.20,20.00
4.84,3.12,3.09,3.01,6.32,0.00,199.58,190.50,0.05,6.10,0.20,20.00
4.87,3.17,3.10,3.01,3.35,0.00,217.32,192.83,0.13,6.17,0.20,20.00
4.91,3.25,3.11,3.02,0.06,0.00,242.34,197.79,0.23,6.33,0.20,20.00
4.95,3.32,3.13,3.01,0.00,0.00,264.62,202.75,0.31,6.49,0.20,20.00
4.98,3.33,3.13,3.01,0.00,0.00,267.89,202.96,0.32,6.49,0.20,20.00
5.02,3.28,3.15,3.01,3.71,0.00,253.74,209.72,0.21,6.71,0.20,20.00
5.05,3.20,3.15,3.01,8.73,0.00,225.34,211.09,0.07,6.75,0.20,20.00
5.09,3.16,3.15,3.01,9.01,0.00,212.89,209.82,0.01,6.71,0.20,20.00
5.12,3.15,3.15,3.02,8.92,0.00,211.62,211.20,0.00,6.76,0.20,20.00
5.16,3.20,3.16,3.01,6.47,0.00,226.19,214.79,0.05,6.87,0.20,20.00
5.20,3.27,3.17,3.01,2.76,0.00,249.41,216.26,0.15,6.92,0.20,20.00
5.23,3.34,3.18,3.01,0.98,0.00,271.48,221.54,0.23,7.09,0.20,20.00
5.27,3.35,3.19,3.01,1.65,0.00,275.28,222.70,0.24,7.13,0.20,20.00
5.30,3.31,3.20,3.02,5.94,0.00,260.92,227.03,0.15,7.27,0.20,20.00
5.34,3.23,3.21,3.01,9.88,0.00,237.59,228.93,0.04,7.33,0.20,20.00
5.38,3.20,3.21,3.01,10.68,0.00,226.61,230.09,-0.02,7.36,0.20,20.00
5.41,3.24,3.21,3.01,7.37,0.00,238.86,229.35,0.04,7.34,0.20,20.00
5.45,3.32,3.21,3.01,2.62,0.00,267.26,229.67,0.16,7.35,0.20,20.00
5.49,3.41,3.23,3.01,0.44,0.00,294.39,234.95,0.25,7.52,0.20,20.00
5.52,3.42,3.23,3.01,1.24,0.00,299.03,236.11,0.27,7.56,0.20,20.00
5.56,3.40,3.24,3.01,4.22,0.00,290.80,240.86,0.21,7.71,0.20,20.00
5.59,3.33,3.26,3.01,8.74,0.00,269.79,247.09,0.09,7.91,0.20,20.00
5.63,3.29,3.27,3.01,10.17,0.00,254.69,248.67,0.02,7.96,0.20,20.00
5.66,3.31,3.27,3.00,7.70,0.00,263.24,249.31,0.06,7.98,0.20,20.00
5.70,3.37,3.28,3.01,5.26,0.00,283.30,252.69,0.12,8.09,0.20,20.00
5.74,3.45,3.30,3.01,3.17,0.00,308.96,259.65,0.19,8.31,0.20,20.00
5.77,3.49,3.31,3.01,2.43,0.00,321.41,261.34,0.23,8.36,0.20,20.00
5.81,3.49,3.32,3.01,4.16,0.00,321.31,266.30,0.21,8.52,0.20,20.00
5.84,3.46,3.33,3.01,5.91,0.00,311.60,268.21,0.16,8.58,0.20,20.00
5.88,3.42,3.34,3.02,8.42,0.00,296.82,271.27,0.09,8.68,0.20,20.00
5.92,3.40,3.35,3.01,9.23,0.00,290.16,274.75,0.06,8.79,0.20,20.00
5.95,3.41,3.36,3.01,8.59,0.00,293.54,277.07,0.06,8.87,0.20,20.00
5.99,3.45,3.36,3.01,6.70,0.00,309.06,280.13,0.10,8.96,0.20,20.00
6.02,3.52,3.37,3.01,4.58,0.00,329.44,282.77,0.17,9.05,0.20,20.00
6.06,3.57,3.38,3.02,3.43,0.00,346.54,286.05,0.21,9.15,0.20,20.00
6.10,3.60,3.41,3.01,4.29,0.00,355.09,293.54,0.21,9.39,0.20,20.00
6.13,3.59,3.41,3.01,4.98,0.00,352.03,294.81,0.19,9.43,0.20,20.00
6.17,3.55,3.42,3.01,7.23,0.00,341.37,298.93,0.14,9.57,0.20,20.00
6.20,3.52,3.43,3.01,8.59,0.00,329.54,300.51,0.10,9.62,0.20,20.00
6.24,3.49,3.44,3.01,10.10,0.00,321.31,305.58,0.05,9.78,0.20,20.00
6.28,3.50,3.45,3.01,9.22,0.00,324.90,307.27,0.06,9.83,0.20,20.00
6.31,3.54,3.46,3.01,8.53,0.00,336.09,311.91,0.08,9.98,0.20,20.00
6.35,3.59,3.48,3.01,7.41,0.00,354.25,318.88,0.11,10.20,0.20,20.00
6.39,3.65,3.49,3.01,5.17,0.00,373.88,319.30,0.17,10.22,0.20,20.00
6.42,3.70,3.50,3.02,5.09,0.00,387.18,324.16,0.19,10.37,0.20,20.00
6.46,3.69,3.51,3.01,6.11,0.00,384.97,325.85,0.18,10.43,0.20,20.00
6.49,3.68,3.52,3.01,7.44,0.00,380.74,331.23,0.15,10.60,0.20,20.00
6.53,3.66,3.54,3.01,8.71,0.00,375.15,337.14,0.11,10.79,0.20,20.00
6.57,3.66,3.54,3.01,8.27,0.00,375.68,338.09,0.11,10.82,0.20,20.00
6.60,3.68,3.56,3.01,8.09,0.00,381.80,342.00,0.12,10.94,0.20,20.00
6.64,3.70,3.57,3.02,7.91,0.00,388.13,345.38,0.12,11.05,0.20,20.00
6.67,3.74,3.57,3.01,6.76,0.00,400.49,347.60,0.15,11.12,0.20,20.00
6.71,3.77,3.59,3.01,6.69,0.00,411.26,353.09,0.16,11.30,0.20,20.00
6.74,3.79,3.60,3.01,6.73,0.00,418.22,357.73,0.17,11.45,0.20,20.00
6.78,3.80,3.61,3.01,6.67,0.00,422.02,359.95,0.17,11.52,0.20,20.00
6.82,3.79,3.62,3.02,7.86,0.00,418.12,363.75,0.15,11.64,0.20,20.00
6.85,3.79,3.63,3.01,7.89,0.00,416.43,364.70,0.14,11.67,0.20,20.00
6.89,3.79,3.64,3.01,8.60,0.00,417.06,370.50,0.13,11.86,0.20,20.00
6.92,3.79,3.66,3.01,9.11,0.00,416.53,374.94,0.11,12.00,0.20,20.00
6.96,3.80,3.66,3.01,8.54,0.00,421.60,376.52,0.12,12.05,0.20,20.00
7.00,3.83,3.68,3.01,8.25,0.00,431.63,381.70,0.13,12.21,0.20,20.00
7.03,3.87,3.69,3.01,7.87,0.00,442.50,386.76,0.14,12.38,0.20,20.00
7.07,3.89,3.70,3.01,7.40,0.00,451.90,389.61,0.16,12.47,0.20,20.00
7.10,3.91,3.72,3.01,7.64,0.00,457.71,394.15,0.16,12.61,0.20,20.00
7.14,3.93,3.72,3.01,7.56,0.00,462.04,396.79,0.16,12.70,0.20,20.00
7.18,3.93,3.73,3.01,7.83,0.00,462.35,398.38,0.16,12.75,0.20,20.00
7.21,3.93,3.74,3.01,8.47,0.00,462.56,403.34,0.15,12.91,0.20,20.00
7.25,3.92,3.76,3.01,9.06,0.00,461.61,408.19,0.13,13.06,0.20,20.00
7.29,3.93,3.77,3.01,9.08,0.00,462.04,410.20,0.13,13.13,0.20,20.00
7.32,3.94,3.78,3.01,9.15,0.00,467.21,415.27,0.13,13.29,0.20,20.00
7.36,3.96,3.80,3.01,9.24,0.00,473.01,420.65,0.12,13.46,0.20,20.00
7.39,3.99,3.81,3.01,8.35,0.00,483.99,422.87,0.14,13.53,0.20,20.00
7.43,4.02,3.82,3.01,8.44,0.00,490.96,426.56,0.15,13.65,0.20,20.00
7.47,4.03,3.83,3.02,8.24,0.00,497.30,429.31,0.16,13.74,0.20,20.00
7.50,4.04,3.84,3.01,8.71,0.00,499.51,433.53,0.15,13.87,0.20,20.00
7.54,4.04,3.85,3.01,9.18,0.00,500.57,438.60,0.14,14.04,0.20,20.00
7.57,4.05,3.86,3.01,9.16,0.00,503.53,441.98,0.14,14.14,0.20,20.00
7.61,4.06,3.87,3.01,9.00,0.00,506.80,443.35,0.14,14.19,0.20,20.00
7.65,4.07,3.89,3.01,9.75,0.00,507.85,449.37,0.13,14.38,0.20,20.00
7.68,4.09,3.90,3.01,9.59,0.00,513.66,454.33,0.13,14.54,0.20,20.00
7.72,4.10,3.91,3.02,9.33,0.00,518.52,455.70,0.14,14.58,0.20,20.00
7.76,4.12,3.92,3.01,9.40,0.00,525.17,460.56,0.14,14.74,0.20,20.00
7.79,4.14,3.93,3.01,9.03,0.00,531.50,462.14,0.15,14.79,0.20,20.00
7.83,4.16,3.94,3.02,8.98,0.00,537.41,464.99,0.16,14.88,0.20,20.00
7.86,4.18,3.96,3.01,9.40,0.00,543.01,472.17,0.15,15.11,0.20,20.00
7.90,4.18,3.96,3.01,9.44,0.00,544.80,474.49,0.15,15.18,0.20,20.00
7.94,4.20,3.98,3.01,9.36,0.00,550.19,478.19,0.15,15.30,0.20,20.00
7.97,4.20,3.99,3.02,9.85,0.00,552.30,483.57,0.14,15.47,0.20,20.00
8.01,4.21,4.00,3.01,9.92,0.00,554.94,487.16,0.14,15.59,0.20,20.00
8.04,4.22,4.01,3.01,10.06,0.00,557.26,490.33,0.14,15.69,0.20,20.00
8.08,4.23,4.02,3.02,10.08,0.00,560.85,493.50,0.14,15.79,0.20,20.00
8.12,4.24,4.03,3.01,9.84,0.00,564.97,494.23,0.14,15.82,0.20,20.00
8.15,4.26,4.04,3.02,9.99,0.00,571.20,499.51,0.14,15.98,0.20,20.00
8.19,4.28,4.06,3.01,10.23,0.00,576.58,505.85,0.14,16.19,0.20,20.00
8.23,4.30,4.06,3.02,9.81,0.00,582.39,507.01,0.15,16.22,0.20,20.00
8.26,4.32,4.08,3.01,9.86,0.00,588.93,511.23,0.15,16.36,0.20,20.00
8.30,4.32,4.10,3.02,10.52,0.00,589.99,517.35,0.14,16.56,0.20,20.00
8.33,4.34,4.10,3.01,10.10,0.00,595.27,519.15,0.15,16.61,0.20,20.00
8.37,4.35,4.12,3.02,10.25,0.00,600.23,523.37,0.15,16.75,0.20,20.00
8.41,4.36,4.12,3.02,10.18,0.00,603.50,525.06,0.15,16.80,0.20,20.00
8.44,4.37,4.13,3.01,10.39,0.00,605.61,527.91,0.15,16.89,0.20,20.00
8.48,4.38,4.14,3.01,10.56,0.00,609.52,532.77,0.14,17.05,0.20,20.00
8.51,4.38,4.16,3.01,11.01,0.00,610.68,538.15,0.13,17.22,0.20,20.00
8.55,4.40,4.16,3.01,10.61,0.00,615.43,539.21,0.14,17.25,0.20,20.00
8.59,4.42,4.18,3.01,10.66,0.00,621.87,543.64,0.14,17.40,0.20,20.00
8.62,4.44,4.20,3.01,10.91,0.00,628.42,550.82,0.14,17.63,0.20,20.00
8.66,4.44,4.20,3.01,10.97,0.00,628.42,551.24,0.14,17.64,0.20,20.00
8.69,4.46,4.22,3.01,11.06,0.00,633.48,556.10,0.14,17.80,0.20,20.00
8.73,4.48,4.23,3.01,11.12,0.00,639.92,561.91,0.14,17.98,0.20,20.00
8.77,4.49,4.24,3.01,10.09,0.00,645.62,564.44,0.14,18.06,0.20,20.00
8.80,4.51,4.25,3.02,10.04,0.00,651.33,567.71,0.15,18.17,0.00,20.00
8.84,4.52,4.26,3.01,10.00,0.00,654.39,570.99,0.15,18.27,0.00,20.00
8.88,4.52,4.27,3.01,9.96,0.00,654.81,573.41,0.14,18.35,0.00,20.00
8.91,4.52,4.28,3.01,9.89,0.00,655.23,578.06,0.13,18.50,0.00,20.00
8.95,4.50,4.30,3.01,9.82,0.00,649.32,582.81,0.11,18.65,0.00,20.00
8.98,4.50,4.30,3.02,9.80,0.00,648.90,584.08,0.11,18.69,0.00,20.00
9.02,4.49,4.32,3.01,9.72,0.00,643.51,589.35,0.09,18.86,0.00,20.00
9.05,4.48,4.34,3.01,9.64,0.00,642.67,594.95,0.08,19.04,0.00,20.00
9.09,4.47,4.34,3.01,9.62,0.00,638.02,596.64,0.07,19.09,0.00,20.00
9.13,4.46,4.35,3.01,9.56,0.00,635.91,600.86,0.06,19.23,0.00,20.00
9.16,4.45,4.36,3.01,9.53,0.00,632.22,602.66,0.05,19.29,0.00,20.00
9.20,4.44,4.37,3.01,9.47,0.00,629.58,606.88,0.04,19.42,0.00,20.00
9.23,4.44,4.38,3.01,9.44,0.00,629.16,608.89,0.03,19.48,0.00,20.00
9.27,4.44,4.39,3.01,9.38,0.00,629.26,612.58,0.03,19.60,0.00,20.00
9.30,4.43,4.40,3.01,9.34,0.00,625.67,615.22,0.02,19.69,0.00,20.00
9.34,4.42,4.40,3.02,9.33,0.00,623.45,616.17,0.01,19.72,0.00,20.00
9.38,4.42,4.40,3.01,9.33,0.00,623.56,616.17,0.01,19.72,0.00,20.00
9.41,4.42,4.42,3.01,9.26,0.00,622.72,620.71,0.00,19.86,0.00,20.00
9.45,4.44,4.42,3.02,9.24,0.00,627.26,622.61,0.01,19.92,0.00,20.00
9.48,4.44,4.42,3.01,9.24,0.00,628.52,622.19,0.01,19.91,0.00,20.00
9.52,4.44,4.42,3.01,9.24,0.00,629.16,622.40,0.01,19.92,0.00,20.00
9.56,4.44,4.42,3.02,9.23,0.00,629.47,622.82,0.01,19.93,0.00,20.00
9.59,4.44,4.42,3.02,9.23,0.00,629.58,622.82,0.01,19.93,0.00,20.00
9.63,4.44,4.43,3.01,9.21,0.00,629.05,623.98,0.01,19.97,0.00,20.00
9.66,4.44,4.42,3.01,9.23,0.00,628.52,622.72,0.01,19.93,0.00,20.00
9.70,4.44,4.42,3.01,9.22,0.00,628.94,623.35,0.01,19.95,0.00,20.00
9.73,4.44,4.44,3.02,9.15,0.00,629.37,628.52,0.00,20.11,0.00,20.00
9.77,4.44,4.44,3.02,9.14,0.00,629.26,628.94,0.00,20.13,0.00,20.00
9.81,4.44,4.44,3.01,9.14,0.00,629.68,629.16,0.00,20.13,0.00,20.00
9.84,4.44,4.44,3.01,9.13,0.00,629.26,629.68,-0.00,20.15,0.00,20.00
9.88,4.44,4.44,3.01,9.14,0.00,629.47,629.37,0.00,20.14,0.00,20.00
9.91,4.44,4.44,3.01,9.14,0.00,629.79,628.94,0.00,20.13,0.00,20.00
9.95,4.44,4.44,3.02,9.14,0.00,629.37,629.16,0.00,20.13,0.00,20.00
9.99,4.44,4.44,3.01,9.13,0.00,629.16,629.79,-0.00,20.15,0.00,20.00
10.02,4.44,4.44,3.01,0.00,0.00,629.37,629.26,0.00,20.14,-0.20,0.00
10.06,4.44,4.44,3.01,0.00,0.00,629.26,628.63,0.00,20.12,-0.20,0.00
10.09,4.39,4.44,3.01,0.00,0.00,612.69,629.47,-0.03,20.14,-0.20,0.00
10.13,4.27,4.43,3.02,0.00,0.00,572.57,624.83,-0.08,19.99,-0.20,0.00
10.17,4.14,4.42,3.01,0.00,0.00,529.92,622.72,-0.15,19.93,-0.20,0.00
10.20,4.01,4.41,3.02,0.00,0.00,490.22,618.60,-0.21,19.80,-0.20,0.00
10.24,3.90,4.40,3.01,0.00,0.00,453.80,617.01,-0.26,19.74,-0.20,0.00
10.27,3.78,4.39,3.01,12.00,0.00,413.16,612.79,-0.33,19.61,-0.20,0.00
10.31,3.67,4.38,3.01,12.00,0.00,377.58,610.15,-0.38,19.52,-0.20,0.00
10.35,3.65,4.37,3.01,12.00,0.00,373.25,606.35,-0.38,19.40,-0.20,0.00
10.38,3.74,4.36,3.01,12.00,0.00,400.91,603.92,-0.34,19.33,-0.20,0.00
10.42,3.84,4.35,3.01,2.50,0.00,435.33,600.65,-0.28,19.22,-0.20,0.00
10.45,3.98,4.34,3.02,0.00,0.00,480.62,595.58,-0.19,19.06,-0.20,0.00
10.49,4.08,4.32,3.01,0.00,0.00,512.82,590.83,-0.13,18.91,-0.20,0.00
10.53,4.09,4.32,3.02,0.00,0.00,516.72,590.41,-0.12,18.89,-0.20,0.00
10.56,4.02,4.31,3.01,0.00,0.00,493.50,585.03,-0.16,18.72,-0.20,0.00
10.60,3.90,4.31,3.01,0.00,0.00,454.43,585.03,-0.22,18.72,-0.20,0.00
10.64,3.78,4.29,3.01,12.00,0.00,415.58,579.22,-0.28,18.54,-0.20,0.00
10.67,3.68,4.27,3.02,12.00,0.00,383.28,573.52,-0.33,18.35,-0.20,0.00
10.71,3.68,4.26,3.01,12.00,0.00,382.86,571.09,-0.33,18.27,-0.20,0.00
10.74,3.79,4.25,3.01,0.00,0.00,418.33,567.61,-0.26,18.16,-0.20,0.00
10.78,3.92,4.24,3.01,0.00,0.00,460.87,565.28,-0.18,18.09,-0.20,0.00
10.82,3.97,4.24,3.02,0.00,0.00,475.02,562.65,-0.16,18.00,-0.20,0.00
10.85,3.93,4.22,3.01,0.00,0.00,462.35,556.52,-0.17,17.81,-0.20,0.00
10.89,3.83,4.21,3.01,0.00,0.00,432.16,553.35,-0.22,17.71,-0.20,0.00
10.92,3.75,4.20,3.02,1.04,0.00,404.08,551.03,-0.27,17.63,-0.20,0.00
10.96,3.64,4.19,3.01,12.00,0.00,369.45,546.81,-0.32,17.50,-0.20,0.00
11.00,3.55,4.18,3.01,12.00,0.00,340.10,545.44,-0.38,17.45,-0.20,0.00
11.03,3.47,4.17,3.01,12.00,0.00,313.39,540.05,-0.42,17.28,-0.20,0.00
11.07,3.52,4.16,3.02,12.00,0.00,329.86,539.21,-0.39,17.25,-0.20,0.00
11.11,3.67,4.15,3.01,12.00,0.00,378.00,534.14,-0.29,17.09,-0.20,0.00
11.14,3.82,4.15,3.01,0.00,0.00,426.35,533.19,-0.20,17.06,-0.20,0.00
11.18,3.95,4.13,3.01,0.00,0.00,471.22,528.33,-0.11,16.91,-0.20,0.00
11.21,4.00,4.11,3.02,0.00,0.00,484.73,522.95,-0.07,16.73,-0.20,0.00
11.25,3.94,4.10,3.01,0.00,0.00,464.99,519.99,-0.11,16.64,-0.20,0.00
11.29,3.84,4.10,3.01,0.00,0.00,435.11,517.46,-0.16,16.56,-0.20,0.00
11.32,3.73,4.09,3.01,0.00,0.00,397.74,514.19,-0.23,16.45,-0.20,0.00
11.36,3.65,4.08,3.02,6.45,0.00,372.83,512.39,-0.27,16.40,-0.20,0.00
11.39,3.56,4.07,3.02,12.00,0.00,343.48,507.33,-0.32,16.23,-0.20,0.00
11.43,3.48,4.05,3.01,12.00,0.00,318.35,501.10,-0.36,16.04,-0.20,0.00
11.47,3.52,4.05,3.01,12.00,0.00,331.76,501.20,-0.34,16.04,-0.20,0.00
11.50,3.66,4.03,3.01,0.00,0.00,375.36,495.18,-0.24,15.85,-0.20,0.00
11.54,3.82,4.03,3.01,0.00,0.00,428.57,494.76,-0.13,15.83,-0.20,0.00
11.58,3.96,4.01,3.02,0.00,0.00,472.28,489.17,-0.03,15.65,-0.20,0.00
11.61,3.97,4.01,3.01,0.00,0.00,476.08,488.64,-0.03,15.64,-0.20,0.00
11.65,3.89,4.00,3.02,0.00,0.00,451.58,487.48,-0.07,15.60,-0.20,0.00
11.68,3.78,3.99,3.01,0.00,0.00,415.69,483.99,-0.14,15.49,-0.20,0.00
11.72,3.69,3.97,3.01,0.00,0.00,384.65,477.34,-0.19,15.27,-0.20,0.00
11.76,3.60,3.96,3.01,0.00,0.00,355.30,474.60,-0.25,15.19,-0.20,0.00
11.79,3.51,3.96,3.01,12.00,0.00,328.49,471.54,-0.30,15.09,-0.20,0.00
11.83,3.43,3.95,3.01,12.00,0.00,301.57,468.90,-0.36,15.00,-0.20,0.00
11.86,3.43,3.94,3.01,12.00,0.00,300.19,465.94,-0.36,14.91,-0.20,0.00
11.90,3.52,3.93,3.01,11.88,0.00,331.65,464.04,-0.29,14.85,-0.20,0.00
11.94,3.64,3.92,3.01,0.00,0.00,370.82,460.87,-0.20,14.75,-0.20,0.00
11.97,3.79,3.91,3.01,0.00,0.00,418.43,455.91,-0.08,14.59,-0.20,0.00
12.01,3.90,3.91,3.01,0.00,0.00,453.06,456.55,-0.01,14.61,-0.20,0.00
12.04,3.88,3.90,3.01,0.00,0.00,446.73,455.17,-0.02,14.57,-0.20,0.00
12.08,3.81,3.90,3.01,0.00,0.00,425.61,454.65,-0.06,14.55,-0.20,0.00
12.12,3.71,3.89,3.01,0.00,0.00,391.09,449.58,-0.13,14.39,-0.20,0.00
12.15,3.61,3.89,3.02,0.00,0.00,359.95,449.58,-0.20,14.39,-0.20,0.00
12.19,3.53,3.87,3.01,0.00,0.00,333.03,444.30,-0.25,14.22,-0.20,0.00
12.22,3.45,3.85,3.01,12.00,0.00,309.17,438.81,-0.30,14.04,-0.20,0.00
12.26,3.37,3.85,3.02,12.00,0.00,283.20,436.59,-0.35,13.97,-0.20,0.00
12.30,3.41,3.83,3.01,12.00,0.00,295.23,431.74,-0.32,13.82,-0.20,0.00
12.33,3.55,3.83,3.01,0.00,0.00,340.73,429.84,-0.21,13.75,-0.20,0.00
12.37,3.71,3.81,3.02,0.00,0.00,391.41,426.04,-0.08,13.63,-0.20,0.00
12.41,3.76,3.81,3.01,0.00,0.00,407.14,423.08,-0.04,13.54,-0.20,0.00
12.44,3.72,3.80,3.01,0.00,0.00,394.26,420.23,-0.06,13.45,-0.20,0.00
12.48,3.64,3.79,3.01,0.00,0.00,367.97,418.12,-0.12,13.38,-0.20,0.00
12.51,3.56,3.78,3.01,0.00,0.00,342.32,414.63,-0.17,13.27,-0.20,0.00
12.55,3.48,3.77,3.01,0.00,0.00,317.61,410.83,-0.23,13.15,-0.20,0.00
12.58,3.41,3.76,3.01,9.25,0.00,295.34,407.67,-0.28,13.05,-0.20,0.00
12.62,3.33,3.75,3.02,12.00,0.00,269.79,405.13,-0.33,12.96,-0.20,0.00
12.66,3.29,3.74,3.01,12.00,0.00,256.59,401.33,-0.36,12.84,-0.20,0.00
12.69,3.34,3.73,3.01,12.00,0.00,273.70,398.27,-0.31,12.74,-0.20,0.00
12.73,3.48,3.73,3.02,0.00,0.00,318.25,397.64,-0.20,12.72,-0.20,0.00
12.77,3.64,3.71,3.01,0.00,0.00,368.18,392.46,-0.06,12.56,-0.20,0.00
12.80,3.68,3.71,3.01,0.00,0.00,382.01,392.04,-0.03,12.55,-0.20,0.00
12.84,3.60,3.69,3.01,0.00,0.00,357.62,386.13,-0.07,12.36,-0.20,0.00
12.87,3.53,3.69,3.01,0.00,0.00,333.87,385.71,-0.13,12.34,-0.20,0.00
12.91,3.45,3.67,3.01,0.00,0.00,308.74,379.90,-0.19,12.16,-0.20,0.00
12.95,3.39,3.67,3.01,0.00,0.00,288.58,378.11,-0.24,12.10,-0.20,0.00
12.98,3.32,3.65,3.01,12.00,0.00,265.88,373.78,-0.29,11.96,-0.20,0.00
13.02,3.26,3.64,3.02,12.00,0.00,246.35,368.39,-0.33,11.79,-0.20,0.00
13.05,3.29,3.63,3.02,12.00,0.00,256.38,366.07,-0.30,11.71,-0.20,0.00
13.09,3.41,3.62,3.01,0.00,0.00,295.76,362.16,-0.18,11.59,-0.20,0.00
13.13,3.57,3.61,3.01,0.00,0.00,345.06,359.74,-0.04,11.51,-0.20,0.00
13.16,3.64,3.62,3.01,0.00,0.00,369.24,362.16,0.02,11.59,-0.20,0.00
13.20,3.62,3.62,3.01,0.00,0.00,363.43,364.17,-0.00,11.65,-0.20,0.00
13.23,3.56,3.62,3.01,0.00,0.00,342.95,364.06,-0.06,11.65,-0.20,0.00
13.27,3.48,3.61,3.01,0.00,0.00,318.14,358.47,-0.11,11.47,-0.20,0.00
13.31,3.41,3.59,3.01,0.00,0.00,293.96,354.56,-0.17,11.35,-0.20,0.00
13.34,3.34,3.59,3.01,0.00,0.00,273.59,352.24,-0.22,11.27,-0.20,0.00
13.38,3.29,3.57,3.02,0.00,0.00,255.64,347.81,-0.26,11.13,-0.20,0.00
13.41,3.23,3.57,3.01,12.00,0.00,235.69,345.91,-0.32,11.07,-0.20,0.00
13.45,3.17,3.55,3.01,12.00,0.00,215.63,341.58,-0.37,10.93,-0.20,0.00
13.49,3.23,3.55,3.02,12.00,0.00,237.17,340.31,-0.30,10.89,-0.20,0.00
13.52,3.38,3.53,3.01,0.00,0.00,285.73,334.82,-0.15,10.71,-0.20,0.00
13.56,3.56,3.53,3.02,0.00,0.00,343.37,333.55,0.03,10.67,-0.20,0.00
13.60,3.60,3.54,3.01,0.00,0.00,356.25,336.62,0.06,10.77,-0.20,0.00
13.63,3.55,3.55,3.01,0.00,0.00,340.52,339.47,0.00,10.86,-0.20,0.00
13.67,3.48,3.54,3.01,0.00,0.00,316.13,335.98,-0.06,10.75,-0.20,0.00
13.70,3.40,3.53,3.02,0.00,0.00,291.96,333.45,-0.12,10.67,-0.20,0.00
13.74,3.33,3.52,3.01,0.00,0.00,270.21,330.81,-0.18,10.59,-0.20,0.00
13.78,3.28,3.51,3.01,0.00,0.00,251.95,328.38,-0.23,10.51,-0.20,0.00
13.81,3.23,3.51,3.02,4.50,0.00,237.38,325.95,-0.27,10.43,-0.20,0.00
13.85,3.18,3.49,3.01,12.00,0.00,220.49,320.89,-0.31,10.27,-0.20,0.00
13.88,3.14,3.48,3.01,12.00,0.00,208.45,316.24,-0.34,10.12,-0.20,0.00
13.92,3.13,3.47,3.02,12.00,0.00,205.71,314.45,-0.35,10.06,-0.20,0.00
13.96,3.25,3.46,3.01,0.00,0.00,243.71,309.48,-0.21,9.90,-0.20,0.00
13.99,3.42,3.45,3.01,0.00,0.00,296.92,308.43,-0.04,9.87,-0.20,0.00
14.03,3.56,3.45,3.01,0.00,0.00,342.32,307.90,0.11,9.85,-0.20,0.00
14.07,3.60,3.46,3.02,0.00,0.00,356.04,312.55,0.14,10.00,-0.20,0.00
14.10,3.53,3.48,3.01,0.00,0.00,334.40,317.19,0.05,10.15,-0.20,0.00
14.14,3.46,3.48,3.01,0.00,0.00,309.70,315.92,-0.02,10.11,-0.20,0.00
14.17,3.38,3.47,3.01,0.00,0.00,284.57,315.18,-0.10,10.09,-0.20,0.00
14.21,3.31,3.46,3.01,0.00,0.00,261.77,311.70,-0.16,9.97,-0.20,0.00
14.25,3.25,3.45,3.02,0.00,0.00,244.24,306.63,-0.20,9.81,-0.20,0.00
14.28,3.21,3.43,3.01,0.00,0.00,229.35,301.25,-0.24,9.64,-0.20,0.00
14.32,3.18,3.43,3.01,4.51,0.00,219.01,301.14,-0.27,9.64,-0.20,0.00
14.35,3.12,3.41,3.01,12.00,0.00,202.12,296.29,-0.32,9.48,-0.20,0.00
14.39,3.08,3.41,3.01,12.00,0.00,187.34,294.92,-0.36,9.44,-0.20,0.00
14.43,3.15,3.39,3.02,0.00,0.00,211.72,289.74,-0.27,9.27,-0.20,0.00
14.46,3.34,3.39,3.01,0.00,0.00,271.06,289.95,-0.07,9.28,-0.20,0.00
14.50,3.38,3.39,3.01,0.00,0.00,285.31,288.16,-0.01,9.22,-0.20,0.00
14.54,3.35,3.39,3.01,0.00,0.00,273.91,287.84,-0.05,9.21,-0.20,0.00
14.57,3.29,3.38,3.01,0.00,0.00,255.33,284.25,-0.10,9.10,-0.20,0.00
14.61,3.25,3.37,3.01,0.00,0.00,241.50,281.72,-0.14,9.01,-0.20,0.00
14.64,3.20,3.36,3.01,0.00,0.00,225.24,278.13,-0.19,8.90,-0.20,0.00
14.68,3.15,3.34,3.01,0.00,0.00,211.72,271.79,-0.22,8.70,-0.20,0.00
14.72,3.11,3.33,3.01,0.00,0.00,198.53,270.53,-0.27,8.66,-0.20,0.00
14.75,3.06,3.32,3.01,12.00,0.00,182.59,267.15,-0.32,8.55,-0.20,0.00
14.79,3.03,3.31,3.01,12.00,0.00,171.40,262.50,-0.35,8.40,-0.20,0.00
14.82,3.05,3.31,3.02,12.00,0.00,177.62,260.92,-0.32,8.35,-0.20,0.00
14.86,3.10,3.30,3.01,0.00,0.00,193.67,257.86,-0.25,8.25,-0.20,0.00
14.89,3.29,3.29,3.01,0.00,0.00,256.59,257.33,-0.00,8.23,-0.20,0.00
14.93,3.45,3.29,3.01,0.00,0.00,307.79,256.80,0.20,8.22,-0.20,0.00
14.97,3.48,3.31,3.01,0.00,0.00,318.04,261.87,0.21,8.38,-0.20,0.00
15.00,3.40,3.32,3.01,0.00,0.00,291.01,266.73,0.09,8.54,-0.20,0.00
15.04,3.32,3.33,3.02,0.00,0.00,266.30,269.16,-0.01,8.61,-0.20,0.00
15.07,3.26,3.32,3.01,0.00,0.00,244.87,264.40,-0.07,8.46,-0.20,0.00
15.11,3.19,3.30,3.01,0.00,0.00,224.92,258.92,-0.13,8.29,-0.20,0.00
15.15,3.15,3.29,3.01,0.00,0.00,212.04,257.33,-0.18,8.23,-0.20,0.00
15.18,3.12,3.29,3.01,0.00,0.00,202.43,254.90,-0.21,8.16,-0.20,0.00
15.22,3.08,3.27,3.02,0.00,0.00,189.45,250.79,-0.24,8.03,-0.20,0.00
15.25,3.05,3.26,3.01,11.89,0.00,177.62,247.30,-0.28,7.91,-0.20,0.00
15.29,3.02,3.26,3.01,12.00,0.00,167.17,244.77,-0.32,7.83,-0.20,0.00
15.32,2.99,3.25,3.01,12.00,0.00,159.36,242.23,-0.34,7.75,-0.20,0.00
15.36,3.07,3.23,3.01,0.00,0.00,184.59,237.59,-0.22,7.60,-0.20,0.00
15.40,3.24,3.23,3.01,0.00,0.00,241.07,236.53,0.02,7.57,-0.20,0.00
15.43,3.41,3.23,3.02,0.00,0.00,293.86,237.27,0.24,7.59,-0.20,0.00
15.47,3.44,3.24,3.01,0.00,0.00,305.05,240.76,0.27,7.70,-0.20,0.00
15.50,3.38,3.26,3.01,0.00,0.00,285.52,247.62,0.15,7.92,-0.20,0.00
15.54,3.29,3.27,3.01,0.00,0.00,256.91,248.67,0.03,7.96,-0.20,0.00
15.58,3.22,3.26,3.01,0.00,0.00,234.00,244.98,-0.04,7.84,-0.20,0.00
15.61,3.18,3.25,3.01,0.00,0.00,219.22,243.61,-0.10,7.80,-0.20,0.00
15.65,3.13,3.24,3.02,0.00,0.00,204.23,239.81,-0.15,7.67,-0.20,0.00
15.68,3.09,3.23,3.01,0.00,0.00,191.77,236.96,-0.19,7.58,-0.20,0.00
15.72,3.07,3.23,3.01,0.00,0.00,186.18,236.53,-0.21,7.57,-0.20,0.00
15.75,3.04,3.21,3.01,0.00,0.00,174.04,230.62,-0.25,7.38,-0.20,0.00
15.79,3.00,3.19,3.01,6.90,0.00,161.89,224.18,-0.28,7.17,-0.20,0.00
15.83,2.98,3.19,3.01,12.00,0.00,153.98,223.87,-0.31,7.16,-0.20,0.00
15.86,2.95,3.18,3.01,12.00,0.00,144.26,219.43,-0.34,7.02,-0.20,0.00
15.90,2.98,3.17,3.01,6.35,0.00,155.67,217.00,-0.28,6.94,-0.20,0.00
15.93,3.12,3.16,3.01,0.00,0.00,200.53,213.20,-0.06,6.82,-0.20,0.00
15.97,3.23,3.16,3.01,0.00,0.00,235.79,214.89,0.10,6.88,-0.20,0.00
16.01,3.25,3.17,3.01,0.00,0.00,243.29,217.95,0.12,6.97,-0.20,0.00
16.04,3.20,3.18,3.01,0.00,0.00,226.72,221.01,0.03,7.07,-0.20,0.00
16.08,3.15,3.18,3.02,0.00,0.00,210.99,219.96,-0.04,7.04,-0.20,0.00
16.12,3.10,3.17,3.01,0.00,0.00,194.94,217.11,-0.10,6.95,-0.20,0.00
16.15,3.07,3.17,3.01,0.00,0.00,183.96,216.05,-0.15,6.91,-0.20,0.00
16.19,3.05,3.15,3.01,0.00,0.00,177.41,210.67,-0.16,6.74,-0.20,0.00
16.22,3.01,3.14,3.01,0.00,0.00,166.43,206.66,-0.19,6.61,-0.20,0.00
16.26,2.98,3.13,3.01,0.00,0.00,156.30,204.12,-0.23,6.53,-0.20,0.00
16.30,2.96,3.12,3.01,0.00,0.00,149.65,199.69,-0.25,6.39,-0.20,0.00
16.33,2.94,3.11,3.01,12.00,0.00,142.26,199.06,-0.29,6.37,-0.20,0.00
16.37,2.91,3.10,3.01,12.00,0.00,133.28,194.20,-0.31,6.21,-0.20,0.00
16.40,2.98,3.08,3.01,0.00,0.00,156.40,189.13,-0.17,6.05,-0.20,0.00
16.44,3.13,3.08,3.02,0.00,0.00,202.86,189.34,0.07,6.06,-0.20,0.00
16.48,3.22,3.09,3.01,0.00,0.00,232.42,190.61,0.22,6.10,-0.20,0.00
16.51,3.21,3.10,3.01,0.00,0.00,229.25,194.83,0.18,6.23,-0.20,0.00
16.55,3.14,3.11,3.01,0.00,0.00,206.76,198.11,0.04,6.34,-0.20,0.00
16.58,3.09,3.10,3.01,0.00,0.00,191.45,195.47,-0.02,6.25,-0.20,0.00
16.62,3.05,3.09,3.01,0.00,0.00,179.74,192.51,-0.07,6.16,-0.20,0.00
16.66,3.02,3.09,3.01,0.00,0.00,166.96,191.03,-0.13,6.11,-0.20,0.00
16.69,3.00,3.08,3.01,0.00,0.00,161.89,187.13,-0.13,5.99,-0.20,0.00
16.73,2.96,3.07,3.01,0.00,0.00,147.54,185.54,-0.20,5.94,-0.20,0.00
16.76,2.94,3.06,3.01,0.00,0.00,143.42,180.58,-0.21,5.78,-0.20,0.00
16.80,2.92,3.04,3.01,0.00,0.00,135.82,173.93,-0.22,5.57,-0.20,0.00
16.84,2.90,3.04,3.01,0.00,0.00,128.85,173.72,-0.26,5.56,-0.20,0.00
16.87,2.88,3.02,3.01,0.00,0.00,123.47,168.86,-0.27,5.40,-0.20,0.00
16.91,2.86,3.02,3.01,12.00,0.00,117.13,167.38,-0.30,5.36,-0.20,0.00
16.94,2.85,3.01,3.02,12.00,0.00,112.28,164.43,-0.32,5.26,-0.20,0.00
16.98,2.90,2.99,3.01,0.00,0.00,128.53,160.31,-0.20,5.13,-0.20,0.00
17.02,3.02,2.99,3.01,0.00,0.00,168.97,159.04,0.06,5.09,-0.20,0.00
17.05,3.15,3.00,3.01,0.00,0.00,209.09,161.68,0.29,5.17,-0.20,0.00
17.09,3.17,3.01,3.01,0.00,0.00,218.59,165.48,0.32,5.30,-0.20,0.00
17.12,3.13,3.01,3.01,0.00,0.00,203.07,166.01,0.22,5.31,-0.20,0.00
17.16,3.05,3.02,3.01,0.00,0.00,178.68,169.92,0.05,5.44,-0.20,0.00
17.20,3.01,3.02,3.01,0.00,0.00,164.85,167.70,-0.02,5.37,-0.20,0.00
17.23,2.98,3.01,3.01,0.00,0.00,155.88,166.75,-0.07,5.34,-0.20,0.00
17.27,2.94,3.00,3.01,0.00,0.00,143.42,162.95,-0.12,5.21,-0.20,0.00
17.30,2.92,2.99,3.01,0.00,0.00,136.56,159.89,-0.15,5.12,-0.20,0.00
17.34,2.90,2.98,3.01,0.00,0.00,130.65,155.35,-0.16,4.97,-0.20,0.00
17.38,2.89,2.97,3.01,0.00,0.00,125.89,151.23,-0.17,4.84,-0.20,0.00
17.41,2.86,2.95,3.01,0.00,0.00,118.08,147.11,-0.20,4.71,-0.20,0.00
17.45,2.86,2.95,3.02,0.00,0.00,115.55,145.74,-0.21,4.66,-0.20,0.00
17.48,2.85,2.93,3.01,0.00,0.00,113.54,140.89,-0.19,4.51,-0.20,0.00
17.52,2.84,2.93,3.01,0.00,0.00,110.06,139.62,-0.21,4.47,-0.20,0.00
17.56,2.82,2.92,3.01,0.00,0.00,103.41,134.55,-0.23,4.31,-0.20,0.00
17.59,2.82,2.90,3.01,0.00,0.00,103.09,128.85,-0.20,4.12,-0.20,0.00
17.63,2.80,2.89,3.01,0.00,0.00,96.44,127.79,-0.25,4.09,-0.20,0.00
17.66,2.79,2.88,3.01,0.00,0.00,95.49,123.89,-0.23,3.96,-0.20,0.00
17.70,2.80,2.87,3.01,0.00,0.00,95.91,121.04,-0.21,3.87,-0.20,0.00
17.74,2.78,2.86,3.01,0.00,0.00,90.32,116.39,-0.22,3.72,-0.20,0.00
17.77,2.78,2.86,3.01,0.00,0.00,89.68,115.55,-0.22,3.70,-0.20,0.00
17.81,2.77,2.85,3.01,0.00,0.00,88.10,111.96,-0.21,3.58,-0.20,0.00
17.84,2.77,2.84,3.01,0.00,0.00,86.30,109.00,-0.21,3.49,-0.20,0.00
17.88,2.76,2.82,3.01,0.00,0.00,82.72,104.57,-0.21,3.35,-0.20,0.00
17.92,2.76,2.81,3.01,0.00,0.00,83.45,100.77,-0.17,3.22,-0.20,0.00
17.95,2.75,2.80,3.01,0.00,0.00,81.34,96.12,-0.15,3.08,-0.20,0.00
17.99,2.75,2.79,3.01,0.00,0.00,82.50,94.86,-0.13,3.04,-0.20,0.00
18.02,2.75,2.78,3.01,0.00,0.00,81.13,89.58,-0.09,2.87,-0.20,0.00
18.06,2.75,2.77,3.01,0.00,0.00,82.40,88.21,-0.07,2.82,-0.20,0.00
18.10,2.76,2.76,3.01,0.00,0.00,82.72,83.03,-0.00,2.66,-0.20,0.00
18.13,2.74,2.76,3.01,0.00,0.00,78.28,83.24,-0.06,2.66,-0.20,0.00
18.17,2.74,2.74,3.01,0.00,0.00,76.28,78.18,-0.02,2.50,-0.20,0.00
18.20,2.72,2.73,3.01,0.00,0.00,70.15,75.33,-0.07,2.41,-0.20,0.00
18.24,2.72,2.72,3.01,0.00,0.00,70.47,71.63,-0.02,2.29,-0.20,0.00
18.28,2.71,2.72,3.01,0.00,0.00,69.62,69.84,-0.00,2.23,-0.20,0.00
18.31,2.70,2.72,3.01,0.00,0.00,64.87,70.36,-0.08,2.25,-0.20,0.00
18.35,2.69,2.70,3.01,0.00,0.00,62.34,64.35,-0.03,2.06,-0.20,0.00
18.38,2.70,2.70,3.02,0.00,0.00,63.29,64.24,-0.01,2.06,-0.20,0.00
18.42,2.68,2.68,3.01,-0.88,0.00,59.60,59.81,-0.00,1.91,0.00,0.00
18.45,2.68,2.68,3.01,-0.84,0.00,58.22,57.38,0.01,1.84,0.00,0.00
18.49,2.67,2.67,3.01,-0.82,0.00,56.64,56.01,0.01,1.79,0.00,0.00
18.53,2.67,2.67,3.01,-0.79,0.00,54.00,53.89,0.00,1.72,0.00,0.00
18.56,2.64,2.66,3.01,-0.75,0.00,46.08,50.73,-0.09,1.62,0.00,0.00
18.60,2.64,2.65,3.01,-0.69,0.00,45.13,47.14,-0.04,1.51,0.00,0.00
18.63,2.63,2.63,3.01,-0.64,0.00,43.65,43.55,0.00,1.39,0.00,0.00
18.67,2.63,2.63,3.01,-0.60,0.00,41.65,40.80,0.02,1.31,0.00,0.00
18.70,2.62,2.62,3.01,-0.55,0.00,37.32,37.64,-0.01,1.20,0.00,0.00
18.74,2.61,2.61,3.01,-0.52,0.00,35.10,35.00,0.00,1.12,0.00,0.00
18.78,2.60,2.59,3.01,-0.45,0.00,30.88,30.67,0.01,0.98,0.00,0.00
18.81,2.60,2.60,3.01,-0.45,0.00,31.72,30.88,0.03,0.99,0.00,0.00
18.85,2.58,2.58,3.01,-0.39,0.00,26.45,26.55,-0.00,0.85,0.00,0.00
18.88,2.58,2.58,3.01,-0.38,0.00,25.60,25.81,-0.01,0.83,0.00,0.00
18.92,2.57,2.58,3.01,-0.36,0.00,23.70,24.55,-0.03,0.79,0.00,0.00
18.95,2.57,2.58,3.01,-0.36,0.00,24.02,24.76,-0.03,0.79,0.00,0.00
18.99,2.56,2.56,3.01,-0.27,0.00,19.27,18.63,0.03,0.60,0.00,0.00
19.03,2.55,2.56,3.01,-0.27,0.00,17.37,18.32,-0.05,0.59,0.00,0.00
19.06,2.56,2.55,3.01,-0.25,0.00,18.84,16.94,0.11,0.54,0.00,0.00
19.10,2.56,2.56,3.01,-0.28,0.00,17.89,18.95,-0.06,0.61,0.00,0.00
19.13,2.55,2.55,3.01,-0.22,0.00,14.83,14.94,-0.01,0.48,0.00,0.00
19.17,2.54,2.54,3.01,-0.19,0.00,12.30,12.72,-0.03,0.41,0.00,0.00
19.20,2.53,2.53,3.02,-0.16,0.00,10.93,11.14,-0.02,0.36,0.00,0.00
19.24,2.54,2.54,3.01,-0.17,0.00,12.62,11.88,0.06,0.38,0.00,0.00
19.28,2.53,2.53,3.01,-0.16,0.00,11.24,10.93,0.03,0.35,0.00,0.00
19.31,2.54,2.54,3.01,-0.18,0.00,12.62,12.19,0.03,0.39,0.00,0.00
19.35,2.53,2.53,3.01,-0.16,0.00,11.14,11.03,0.01,0.35,0.00,0.00
19.38,2.54,2.54,3.02,-0.18,0.00,11.67,11.98,-0.03,0.38,0.00,0.00
19.42,2.53,2.53,3.01,-0.16,0.00,10.29,10.72,-0.04,0.34,0.00,0.00
19.46,2.52,2.52,3.01,-0.11,0.00,6.91,7.65,-0.10,0.24,0.00,0.00
19.49,2.51,2.52,3.01,-0.07,0.00,4.49,4.91,-0.09,0.16,0.00,0.00
19.53,2.51,2.52,3.01,-0.08,0.00,4.49,5.23,-0.14,0.17,0.00,0.00
19.56,2.52,2.51,3.01,-0.06,0.00,5.23,4.28,0.22,0.14,0.00,0.00
19.60,2.52,2.52,3.01,-0.08,0.00,5.86,5.75,0.02,0.18,0.00,0.00
19.63,2.52,2.51,3.01,-0.07,0.00,5.75,4.49,0.28,0.14,0.00,0.00
19.67,2.52,2.51,3.01,-0.06,0.00,5.75,3.96,0.45,0.13,0.00,0.00
19.70,2.52,2.52,3.01,-0.08,0.00,6.18,5.23,0.18,0.17,0.00,0.00
19.74,2.52,2.52,3.01,-0.08,0.00,5.01,5.54,-0.10,0.18,0.00,0.00
19.77,2.51,2.52,3.01,-0.08,0.00,4.06,5.33,-0.24,0.17,0.00,0.00
19.81,2.51,2.52,3.01,-0.07,0.00,4.49,5.01,-0.11,0.16,0.00,0.00
19.84,2.52,2.52,3.02,-0.08,0.00,5.01,5.65,-0.11,0.18,0.00,0.00
19.88,2.52,2.51,3.01,-0.07,0.00,5.96,4.59,0.30,0.15,0.00,0.00
19.92,2.51,2.51,3.01,-0.07,0.00,4.59,4.80,-0.04,0.15,0.00,0.00
19.95,2.52,2.52,3.01,-0.08,0.00,5.75,5.65,0.02,0.18,0.00,0.00
19.99,2.51,2.52,3.01,-0.08,0.00,4.28,5.12,-0.16,0.16,0.00,0.00
20.02,2.52,2.52,3.01,-0.08,0.00,4.91,5.33,-0.08,0.17,0.00,0.00
20.06,2.51,2.51,3.01,-0.06,0.00,4.49,4.17,0.08,0.13,0.00,0.00
20.09,2.51,2.51,3.01,-0.03,0.00,2.27,2.38,-0.04,0.08,0.00,0.00
20.13,2.50,2.49,3.01,0.04,0.00,-0.58,-3.01,0.81,-0.10,0.00,0.00
20.16,2.50,2.49,3.01,0.03,0.00,-0.48,-1.85,0.74,-0.06,0.00,0.00
20.20,2.50,2.49,3.01,0.02,0.00,-1.00,-1.64,0.39,-0.05,0.00,0.00
20.24,2.50,2.50,3.01,0.01,0.00,-0.90,-0.69,-0.31,-0.02,0.00,0.00
20.27,2.50,2.50,3.01,0.01,0.00,-0.58,-0.90,0.35,-0.03,0.00,0.00
20.31,2.50,2.50,3.01,0.01,0.00,-1.53,-1.00,-0.53,-0.03,0.00,0.00
20.34,2.49,2.50,3.01,0.01,0.00,-1.74,-1.00,-0.74,-0.03,0.00,0.00
20.38,2.50,2.50,3.01,0.02,0.00,-1.21,-1.11,-0.10,-0.04,0.00,0.00
20.41,2.49,2.50,3.02,0.01,0.00,-2.06,-0.90,-1.29,-0.03,0.00,0.00
20.45,2.49,2.49,3.01,0.02,0.00,-2.06,-1.64,-0.26,-0.05,0.00,0.00
20.49,2.50,2.50,3.01,0.02,0.00,-0.69,-1.53,0.55,-0.05,0.00,0.00
20.52,2.50,2.49,3.01,0.03,0.00,-0.37,-1.95,0.81,-0.06,0.00,0.00
20.56,2.50,2.49,3.01,0.03,0.00,-0.90,-1.74,0.48,-0.06,0.00,0.00
20.59,2.50,2.50,3.01,0.01,0.00,-1.11,-1.00,-0.11,-0.03,0.00,0.00
20.63,2.49,2.50,3.01,0.02,0.00,-2.06,-1.43,-0.44,-0.05,0.00,0.00
20.66,2.50,2.50,3.01,0.02,0.00,-1.53,-1.21,-0.26,-0.04,0.00,0.00
20.70,2.49,2.50,3.01,0.02,0.00,-2.27,-1.32,-0.72,-0.04,0.00,0.00
20.73,2.49,2.50,3.01,0.02,0.00,-1.74,-1.53,-0.14,-0.05,0.00,0.00
20.77,2.50,2.49,3.02,0.03,0.00,-1.32,-2.27,0.42,-0.07,0.00,0.00
20.81,2.50,2.49,3.01,0.03,0.00,-0.79,-1.74,0.55,-0.06,0.00,0.00
20.84,2.50,2.49,3.01,0.03,0.00,-1.11,-1.74,0.36,-0.06,0.00,0.00
20.88,2.50,2.49,3.01,0.04,0.00,0.26,-2.48,1.11,-0.08,0.00,0.00
20.91,2.49,2.50,3.01,0.01,0.00,-2.06,-1.00,-1.05,-0.03,0.00,0.00
20.95,2.49,2.50,3.01,0.02,0.00,-1.85,-1.21,-0.52,-0.04,0.00,0.00
20.98,2.49,2.50,3.01,0.01,0.00,-1.85,-0.90,-1.06,-0.03,0.00,0.00
21.02,2.49,2.49,3.01,0.03,0.00,-2.38,-1.95,-0.22,-0.06,0.00,0.00
21.05,2.50,2.49,3.01,0.03,0.00,-0.79,-1.85,0.57,-0.06,0.00,0.00
21.09,2.50,2.49,3.01,0.03,0.00,-0.79,-1.85,0.57,-0.06,0.00,0.00
21.12,2.50,2.49,3.01,0.03,0.00,-1.11,-1.74,0.36,-0.06,0.00,0.00
21.16,2.49,2.49,3.01,0.06,0.00,-2.06,-3.75,0.45,-0.12,0.00,0.00
21.19,2.50,2.50,3.01,0.02,0.00,-0.37,-1.43,0.74,-0.05,0.00,0.00
21.23,2.50,2.51,3.01,-0.05,0.00,-1.32,3.11,-1.42,0.10,0.00,0.00
21.27,2.51,2.50,3.01,-0.01,0.00,2.06,1.00,1.05,0.03,0.00,0.00
21.30,2.50,2.50,3.01,0.01,0.00,0.79,-1.00,1.79,-0.03,0.00,0.00
21.34,2.50,2.50,3.01,0.01,0.00,-1.21,-0.48,-1.56,-0.02,0.00,0.00
21.37,2.49,2.49,3.01,0.03,0.00,-2.38,-1.95,-0.22,-0.06,0.00,0.00
21.41,2.50,2.49,3.01,0.03,0.00,-1.21,-1.74,0.30,-0.06,0.00,0.00
21.44,2.49,2.50,3.01,0.02,0.00,-2.06,-1.43,-0.44,-0.05,0.00,0.00
21.48,2.50,2.50,3.01,0.02,0.00,-0.26,-1.11,0.76,-0.04,0.00,0.00
21.51,2.50,2.49,3.01,0.03,0.00,-1.00,-2.38,0.58,-0.08,0.00,0.00
21.55,2.49,2.50,3.01,0.01,0.00,-1.85,-1.00,-0.84,-0.03,0.00,0.00
21.59,2.50,2.50,3.01,0.01,0.00,-1.32,-0.79,-0.67,-0.03,0.00,0.00
21.62,2.50,2.50,3.01,0.00,0.00,-0.79,-0.26,-2.00,-0.01,0.00,0.00
21.66,2.49,2.50,3.01,0.02,0.00,-1.64,-1.53,-0.07,-0.05,0.00,0.00
21.69,2.50,2.50,3.01,0.02,0.00,-1.00,-1.11,0.10,-0.04,0.00,0.00
21.73,2.49,2.49,3.01,0.03,0.00,-2.06,-1.85,-0.11,-0.06,0.00,0.00
21.76,2.50,2.50,3.01,0.02,0.00,-0.79,-1.21,0.35,-0.04,0.00,0.00
21.80,2.50,2.49,3.01,0.03,0.00,-1.43,-2.16,0.34,-0.07,0.00,0.00
21.84,2.50,2.50,3.01,0.02,0.00,-0.16,-1.43,0.89,-0.05,0.00,0.00
21.87,2.50,2.50,3.01,0.01,0.00,-1.53,-0.79,-0.93,-0.03,0.00,0.00
21.91,2.50,2.50,3.01,0.01,0.00,1.21,-1.00,2.21,-0.03,0.00,0.00
21.94,2.49,2.50,3.01,0.02,0.00,-1.85,-1.43,-0.30,-0.05,0.00,0.00
21.98,2.50,2.49,3.01,0.03,0.00,-1.43,-2.06,0.31,-0.07,0.00,0.00
22.01,2.50,2.49,3.01,0.02,0.00,-0.58,-1.64,0.65,-0.05,0.00,0.00
22.05,2.50,2.49,3.01,0.03,0.00,0.58,-2.06,1.28,-0.07,0.00,0.00
22.08,2.51,2.49,3.01,0.03,0.00,4.70,-1.74,3.70,-0.06,0.00,0.00
22.12,2.52,2.51,3.01,-0.06,0.00,5.86,4.06,0.44,0.13,0.00,0.00
22.16,2.51,2.52,3.01,-0.07,0.00,4.49,4.91,-0.09,0.16,0.00,0.00
22.19,2.52,2.52,3.01,-0.08,0.00,5.86,5.54,0.06,0.18,0.00,0.00
22.23,2.51,2.51,3.01,-0.05,0.00,3.85,3.64,0.06,0.12,0.00,0.00
22.26,2.50,2.52,3.01,-0.07,0.00,0.16,5.01,-0.97,0.16,0.00,0.00
22.30,2.49,2.50,3.01,0.02,0.00,-1.85,-1.32,-0.40,-0.04,0.00,0.00
22.33,2.50,2.50,3.01,0.01,0.00,-1.00,-0.58,-0.73,-0.02,0.00,0.00
22.37,2.49,2.49,3.01,0.04,0.00,-1.85,-2.59,0.29,-0.08,0.00,0.00
22.40,2.50,2.50,3.01,0.02,0.00,-0.26,-1.11,0.76,-0.04,0.00,0.00
22.44,2.50,2.49,3.01,0.03,0.00,-1.11,-2.38,0.53,-0.08,0.00,0.00
22.48,2.50,2.50,3.01,0.02,0.00,-0.58,-1.11,0.48,-0.04,0.00,0.00
22.51,2.50,2.49,3.01,0.03,0.00,-0.26,-1.74,0.85,-0.06,0.00,0.00
22.55,2.50,2.50,3.01,0.01,0.00,-1.00,-0.79,-0.27,-0.03,0.00,0.00
22.58,2.49,2.49,3.01,0.03,0.00,-2.16,-1.74,-0.24,-0.06,0.00,0.00
22.62,2.50,2.50,3.02,0.01,0.00,-0.90,-0.79,-0.13,-0.03,0.00,0.00
22.65,2.49,2.50,3.01,0.01,0.00,-2.27,-0.79,-1.87,-0.03,0.00,0.00
22.69,2.50,2.50,3.01,0.02,0.00,-1.53,-1.11,-0.38,-0.04,0.00,0.00
22.72,2.49,2.49,3.01,0.03,0.00,-2.06,-2.16,0.05,-0.07,0.00,0.00
22.76,2.50,2.50,3.01,0.02,0.00,-0.26,-1.53,0.83,-0.05,0.00,0.00
22.80,2.49,2.49,3.01,0.03,0.00,-1.95,-2.27,0.14,-0.07,0.00,0.00
22.83,2.50,2.50,3.01,0.02,0.00,-0.37,-1.53,0.76,-0.05,0.00,0.00
22.87,2.49,2.51,3.01,-0.04,0.00,-1.74,2.59,-1.67,0.08,0.00,0.00
22.90,2.51,2.52,3.01,-0.08,0.00,3.33,5.12,-0.35,0.16,0.00,0.00
22.94,2.51,2.51,3.01,-0.07,0.00,4.38,4.80,-0.09,0.15,0.00,0.00
22.97,2.51,2.50,3.02,-0.01,0.00,4.80,1.00,3.79,0.03,0.00,0.00
23.01,2.50,2.49,3.01,0.03,0.00,-0.69,-2.06,0.67,-0.07,0.00,0.00
23.04,2.50,2.49,3.01,0.03,0.00,-0.90,-1.85,0.51,-0.06,0.00,0.00
23.08,2.50,2.49,3.01,0.03,0.00,-0.69,-1.85,0.63,-0.06,0.00,0.00
23.11,2.50,2.49,3.01,0.03,0.00,-0.37,-2.06,0.82,-0.07,0.00,0.00
23.15,2.49,2.49,3.01,0.03,0.00,-1.64,-2.16,0.24,-0.07,0.00,0.00
23.19,2.50,2.50,3.01,0.02,0.00,-0.26,-1.21,0.78,-0.04,0.00,0.00
23.22,2.50,2.50,3.01,0.01,0.00,-1.53,-0.90,-0.71,-0.03,0.00,0.00
23.26,2.50,2.50,3.01,0.01,0.00,-1.11,-0.37,-2.00,-0.01,0.00,0.00
23.29,2.49,2.49,3.01,0.03,0.00,-2.48,-1.85,-0.34,-0.06,0.00,0.00
23.33,2.50,2.50,3.01,0.02,0.00,-1.21,-1.11,-0.10,-0.04,0.00,0.00
23.36,2.49,2.49,3.01,0.03,0.00,-2.16,-1.74,-0.24,-0.06,0.00,0.00
23.40,2.50,2.50,3.01,-0.02,0.00,-1.43,1.11,-2.29,0.04,0.00,0.00
23.43,2.50,2.49,3.01,0.03,0.00,-1.53,-2.06,0.26,-0.07,0.00,0.00
23.47,2.50,2.49,3.01,0.03,0.00,-0.69,-1.74,0.61,-0.06,0.00,0.00
23.51,2.50,2.49,3.01,0.03,0.00,-1.11,-2.27,0.51,-0.07,0.00,0.00
23.54,2.50,2.50,3.01,0.01,0.00,-0.48,-1.00,0.53,-0.03,0.00,0.00
23.58,2.49,2.50,3.01,0.00,0.00,-2.16,-0.26,-7.20,-0.01,0.00,0.00
23.61,2.50,2.50,3.01,0.01,0.00,-1.32,-0.69,-0.92,-0.02,0.00,0.00
23.65,2.49,2.49,3.01,0.03,0.00,-2.27,-2.06,-0.10,-0.07,0.00,0.00
23.68,2.50,2.50,3.02,0.01,0.00,-1.21,-0.79,-0.53,-0.03,0.00,0.00
23.72,2.50,2.49,3.01,0.04,0.00,-0.26,-2.59,0.90,-0.08,0.00,0.00
23.75,2.50,2.50,3.01,0.02,0.00,-0.37,-1.32,0.72,-0.04,0.00,0.00
23.79,2.50,2.50,3.01,0.01,0.00,-1.00,-0.79,-0.27,-0.03,0.00,0.00
23.83,2.50,2.50,3.01,0.02,0.00,-0.37,-1.11,0.67,-0.04,0.00,0.00
23.86,2.50,2.50,3.01,0.02,0.00,-1.32,-1.53,0.14,-0.05,0.00,0.00
23.90,2.50,2.50,3.01,0.01,0.00,-1.32,-0.79,-0.67,-0.03,0.00,0.00
23.93,2.49,2.49,3.01,0.02,0.00,-1.95,-1.64,-0.19,-0.05,0.00,0.00
23.97,2.50,2.49,3.01,0.03,0.00,-1.21,-2.06,0.41,-0.07,0.00,0.00
24.01,2.49,2.49,3.01,0.03,0.00,-1.64,-1.74,0.06,-0.06,0.00,0.00
24.04,2.50,2.50,3.01,0.02,0.00,-0.16,-1.32,0.88,-0.04,0.00,0.00
24.08,2.50,2.49,3.01,0.04,0.00,-1.32,-2.59,0.49,-0.08,0.00,0.00
24.11,2.50,2.50,3.01,0.02,0.00,-0.26,-1.32,0.80,-0.04,0.00,0.00
24.15,2.50,2.49,3.01,0.04,0.00,-1.11,-2.59,0.57,-0.08,0.00,0.00
24.18,2.50,2.50,3.01,0.01,0.00,-1.00,-0.58,-0.73,-0.02,0.00,0.00
24.22,2.49,2.50,3.01,0.02,0.00,-1.85,-1.43,-0.30,-0.05,0.00,0.00
24.25,2.50,2.49,3.01,0.03,0.00,-1.32,-1.85,0.29,-0.06,0.00,0.00
24.29,2.49,2.49,3.01,0.03,0.00,-2.16,-1.74,-0.24,-0.06,0.00,0.00
24.32,2.50,2.50,3.01,0.02,0.00,-1.11,-1.43,0.22,-0.05,0.00,0.00
24.36,2.49,2.49,3.01,0.03,0.00,-1.64,-2.27,0.28,-0.07,0.00,0.00
24.39,2.50,2.50,3.01,0.02,0.00,-0.48,-1.32,0.64,-0.04,0.00,0.00
24.43,2.50,2.49,3.01,0.04,0.00,-1.00,-2.48,0.60,-0.08,0.00,0.00
24.46,2.50,2.50,3.01,0.01,0.00,-1.00,-0.90,-0.12,-0.03,0.00,0.00
24.50,2.49,2.49,3.01,0.03,0.00,-2.06,-1.74,-0.18,-0.06,0.00,0.00
24.54,2.50,2.50,3.01,0.01,0.00,-0.79,-0.79,0.00,-0.03,0.00,0.00
24.57,2.49,2.50,3.01,0.02,0.00,-2.16,-1.43,-0.52,-0.05,0.00,0.00
24.61,2.49,2.50,3.02,-0.01,0.00,-1.85,0.48,-4.89,0.02,0.00,0.00
24.64,2.49,2.49,3.01,0.04,0.00,-1.74,-2.59,0.33,-0.08,0.00,0.00
24.68,2.50,2.49,3.01,0.03,0.00,-0.37,-1.74,0.79,-0.06,0.00,0.00
24.71,2.50,2.49,3.01,0.03,0.00,-1.43,-2.06,0.31,-0.07,0.00,0.00
24.75,2.50,2.49,3.01,0.03,0.00,-0.48,-2.16,0.78,-0.07,0.00,0.00
24.78,2.50,2.49,3.01,0.03,0.00,-1.43,-2.16,0.34,-0.07,0.00,0.00
24.82,2.50,2.50,3.01,-0.00,0.00,-0.69,0.16,-5.33,0.01,0.00,0.00
24.86,2.50,2.51,3.01,-0.05,0.00,-1.00,3.33,-1.30,0.11,0.00,0.00
24.89,2.51,2.52,3.01,-0.08,0.00,4.38,5.65,-0.22,0.18,0.00,0.00
24.93,2.51,2.52,3.01,-0.08,0.00,4.06,5.23,-0.22,0.17,0.00,0.00
24.96,2.52,2.50,3.01,-0.00,0.00,5.01,0.26,10.00,0.01,0.00,0.00
25.00,2.50,2.49,3.01,0.03,0.00,-1.11,-1.95,0.43,-0.06,0.00,0.00
25.03,2.50,2.50,3.01,0.02,0.00,-0.58,-1.32,0.56,-0.04,0.00,0.00
25.07,2.50,2.49,3.01,0.03,0.00,-1.43,-1.95,0.27,-0.06,0.00,0.00
25.10,2.50,2.50,3.01,0.01,0.00,-0.37,-0.79,0.53,-0.03,0.00,0.00
25.14,2.49,2.49,3.01,0.03,0.00,-1.64,-1.85,0.11,-0.06,0.00,0.00
25.18,2.50,2.50,3.01,0.01,0.00,-0.79,-0.69,-0.15,-0.02,0.00,0.00
25.21,2.49,2.50,3.01,0.02,0.00,-2.38,-1.21,-0.96,-0.04,0.00,0.00
25.25,2.50,2.50,3.01,0.02,0.00,-1.32,-1.11,-0.19,-0.04,0.00,0.00
25.28,2.49,2.49,3.01,0.03,0.00,-2.06,-2.27,0.09,-0.07,0.00,0.00
25.32,2.50,2.50,3.01,0.02,0.00,-0.90,-1.21,0.26,-0.04,0.00,0.00
25.35,2.49,2.49,3.01,0.03,0.00,-3.54,-2.27,-0.56,-0.07,0.00,0.00
25.39,2.50,2.49,3.01,0.03,0.00,-0.26,-1.74,0.85,-0.06,0.00,0.00
25.43,2.50,2.49,3.01,0.03,0.00,-1.53,-2.06,0.26,-0.07,0.00,0.00
25.46,2.50,2.50,3.01,0.01,0.00,-0.48,-1.00,0.53,-0.03,0.00,0.00
25.50,2.50,2.50,3.01,0.02,0.00,-0.69,-1.53,0.55,-0.05,0.00,0.00
25.53,2.50,2.50,3.01,0.01,0.00,-1.53,-0.90,-0.71,-0.03,0.00,0.00
25.57,2.49,2.49,3.01,0.03,0.00,-1.95,-2.06,0.05,-0.07,0.00,0.00
25.60,2.50,2.50,3.01,0.01,0.00,-1.32,-0.90,-0.47,-0.03,0.00,0.00
25.64,2.49,2.50,3.01,-0.02,0.00,-2.06,1.11,-2.86,0.04,0.00,0.00
25.67,2.49,2.49,3.01,0.03,0.00,-2.38,-1.95,-0.22,-0.06,0.00,0.00
25.71,2.50,2.49,3.01,0.03,0.00,-1.32,-2.06,0.36,-0.07,0.00,0.00
25.74,2.50,2.50,3.01,0.01,0.00,-0.48,-0.90,0.47,-0.03,0.00,0.00
25.78,2.50,2.49,3.01,0.03,0.00,-1.11,-1.95,0.43,-0.06,0.00,0.00
25.82,2.50,2.49,3.01,0.03,0.00,-1.00,-2.38,0.58,-0.08,0.00,0.00
25.85,2.50,2.50,3.01,0.02,0.00,-0.69,-1.53,0.55,-0.05,0.00,0.00
25.89,2.50,2.50,3.02,0.01,0.00,-0.90,-0.79,-0.13,-0.03,0.00,0.00
25.92,2.49,2.50,3.01,0.02,0.00,-2.59,-1.43,-0.81,-0.05,0.00,0.00
25.96,2.49,2.50,3.01,0.02,0.00,-1.74,-1.32,-0.32,-0.04,0.00,0.00
25.99,2.50,2.50,3.01,0.01,0.00,-1.32,-0.58,-1.27,-0.02,0.00,0.00
26.03,2.49,2.49,3.01,0.02,0.00,-2.27,-1.64,-0.39,-0.05,0.00,0.00
26.06,2.50,2.49,3.01,0.03,0.00,-1.53,-2.38,0.36,-0.08,0.00,0.00
26.10,2.50,2.49,3.01,0.04,0.00,-0.37,-2.59,0.86,-0.08,0.00,0.00
26.13,2.50,2.50,3.01,0.02,0.00,-0.69,-1.53,0.55,-0.05,0.00,0.00
26.17,2.50,2.51,3.01,-0.05,0.00,-0.90,3.33,-1.27,0.11,0.00,0.00
26.21,2.51,2.51,3.01,-0.06,0.00,1.64,4.06,-0.60,0.13,0.00,0.00
26.24,2.51,2.52,3.01,-0.08,0.00,4.80,5.75,-0.17,0.18,0.00,0.00
26.28,2.50,2.50,3.01,-0.00,0.00,0.58,0.05,9.99,0.00,0.00,0.00
26.31,2.50,2.50,3.01,0.01,0.00,-0.05,-0.90,0.94,-0.03,0.00,0.00
26.35,2.50,2.49,3.01,0.03,0.00,-1.11,-1.95,0.43,-0.06,0.00,0.00
26.39,2.50,2.50,3.01,0.02,0.00,-0.48,-1.11,0.57,-0.04,0.00,0.00
26.42,2.49,2.50,3.01,0.02,0.00,-2.48,-1.43,-0.74,-0.05,0.00,0.00
26.46,2.50,2.50,3.01,0.01,0.00,-0.90,-0.69,-0.31,-0.02,0.00,0.00
26.49,2.49,2.49,3.01,0.03,0.00,-1.85,-1.85,0.00,-0.06,0.00,0.00
26.53,2.50,2.50,3.02,0.01,0.00,-1.00,-0.37,-1.71,-0.01,0.00,0.00
26.56,2.49,2.49,3.01,0.03,0.00,-2.80,-1.74,-0.61,-0.06,0.00,0.00
26.60,2.50,2.50,3.01,0.02,0.00,-0.69,-1.53,0.55,-0.05,0.00,0.00
26.63,2.49,2.49,3.01,0.03,0.00,-1.74,-2.38,0.27,-0.08,0.00,0.00
26.67,2.50,2.50,3.01,0.02,0.00,-0.58,-1.21,0.52,-0.04,0.00,0.00
26.70,2.50,2.49,3.01,0.03,0.00,-1.00,-2.38,0.58,-0.08,0.00,0.00
26.74,2.50,2.50,3.01,0.01,0.00,-0.16,-0.58,0.73,-0.02,0.00,0.00
26.78,2.49,2.49,3.01,0.02,0.00,-1.64,-1.64,0.00,-0.05,0.00,0.00
26.81,2.50,2.50,3.01,0.02,0.00,-0.37,-1.11,0.67,-0.04,0.00,0.00
26.85,2.50,2.49,3.01,0.04,0.00,-0.48,-2.69,0.82,-0.09,0.00,0.00
26.88,2.50,2.50,3.01,0.01,0.00,-1.21,-0.90,-0.35,-0.03,0.00,0.00
26.92,2.49,2.49,3.01,0.03,0.00,-2.06,-1.85,-0.11,-0.06,0.00,0.00
26.95,2.50,2.50,3.02,0.01,0.00,-1.00,-0.90,-0.12,-0.03,0.00,0.00
26.99,2.49,2.50,3.01,-0.01,0.00,-1.85,0.58,-4.18,0.02,0.00,0.00
27.02,2.51,2.51,3.01,-0.06,0.00,1.95,3.85,-0.49,0.12,0.00,0.00
27.06,2.51,2.51,3.01,-0.05,0.00,4.59,3.64,0.26,0.12,0.00,0.00
27.10,2.52,2.52,3.01,-0.08,0.00,6.07,5.12,0.19,0.16,0.00,0.00
27.13,2.52,2.51,3.01,-0.06,0.00,5.23,4.28,0.22,0.14,0.00,0.00
27.17,2.51,2.51,3.01,-0.04,0.00,2.69,2.90,-0.07,0.09,0.00,0.00
27.20,2.50,2.50,3.01,0.01,0.00,-1.43,-0.69,-1.08,-0.02,0.00,0.00
27.24,2.50,2.50,3.01,0.01,0.00,-0.79,-0.58,-0.36,-0.02,0.00,0.00
27.27,2.49,2.49,3.01,0.03,0.00,-2.06,-1.85,-0.11,-0.06,0.00,0.00
27.31,2.50,2.50,3.02,0.01,0.00,-1.53,-1.00,-0.53,-0.03,0.00,0.00
27.34,2.49,2.49,3.01,0.04,0.00,-2.06,-2.48,0.17,-0.08,0.00,0.00
27.38,2.50,2.50,3.01,0.02,0.00,-0.48,-1.32,0.64,-0.04,0.00,0.00
27.41,2.49,2.49,3.01,0.03,0.00,-2.06,-2.27,0.09,-0.07,0.00,0.00
27.45,2.50,2.50,3.01,-0.00,0.00,0.26,0.26,0.00,0.01,0.00,0.00
27.48,2.50,2.51,3.01,-0.04,0.00,0.37,3.01,-0.88,0.10,0.00,0.00
27.52,2.52,2.51,3.01,-0.06,0.00,5.54,4.38,0.27,0.14,0.00,0.00
27.56,2.51,2.51,3.01,-0.06,0.00,2.06,4.17,-0.51,0.13,0.00,0.00
27.59,2.51,2.51,3.01,-0.04,0.00,2.16,2.69,-0.20,0.09,0.00,0.00
27.63,2.49,2.50,3.01,0.01,0.00,-1.95,-0.79,-1.47,-0.03,0.00,0.00
27.66,2.50,2.50,3.02,0.00,0.00,-1.11,-0.26,-3.20,-0.01,0.00,0.00
27.70,2.49,2.50,3.01,0.02,0.00,-2.16,-1.21,-0.78,-0.04,0.00,0.00
27.73,2.49,2.50,3.01,0.02,0.00,-1.95,-1.43,-0.37,-0.05,0.00,0.00
27.77,2.49,2.49,3.01,0.04,0.00,-1.74,-2.48,0.30,-0.08,0.00,0.00
27.81,2.50,2.50,3.01,0.01,0.00,-0.26,-1.00,0.74,-0.03,0.00,0.00
27.84,2.50,2.49,3.01,0.04,0.00,-1.53,-2.69,0.43,-0.09,0.00,0.00
27.88,2.50,2.49,3.01,0.03,0.00,-0.26,-2.27,0.88,-0.07,0.00,0.00
27.91,2.50,2.50,3.01,0.02,0.00,-0.48,-1.32,0.64,-0.04,0.00,0.00
27.95,2.50,2.50,3.01,0.01,0.00,-1.00,-0.69,-0.46,-0.02,0.00,0.00
27.98,2.49,2.50,3.01,0.02,0.00,-1.95,-1.53,-0.28,-0.05,0.00,0.00
28.02,2.50,2.50,3.01,0.01,0.00,-0.58,-0.37,-0.57,-0.01,0.00,0.00
28.05,2.49,2.50,3.01,0.02,0.00,-2.06,-1.43,-0.44,-0.05,0.00,0.00
28.09,2.50,2.50,3.01,0.02,0.00,-1.11,-1.21,0.09,-0.04,0.00,0.00
28.13,2.49,2.49,3.01,0.04,0.00,-2.06,-2.48,0.17,-0.08,0.00,0.00
28.16,2.50,2.50,3.01,0.02,0.00,-0.90,-1.32,0.32,-0.04,0.00,0.00
28.20,2.50,2.49,3.01,0.03,0.00,-1.21,-2.27,0.47,-0.07,0.00,0.00
28.23,2.50,2.50,3.01,0.01,0.00,-0.48,-0.90,0.47,-0.03,0.00,0.00
28.27,2.50,2.50,3.01,0.01,0.00,-1.43,-0.69,-1.08,-0.02,0.00,0.00
28.30,2.50,2.50,3.01,0.01,0.00,-0.48,-0.79,0.40,-0.03,0.00,0.00
28.34,2.49,2.49,3.00,0.02,0.00,-1.74,-1.64,-0.06,-0.05,0.00,0.00
28.37,2.50,2.50,3.01,0.01,0.00,-1.53,-0.79,-0.93,-0.03,0.00,0.00
28.41,2.49,2.49,3.01,0.03,0.00,-2.16,-2.16,0.00,-0.07,0.00,0.00
28.45,2.49,2.49,3.01,0.04,0.00,-1.85,-2.69,0.31,-0.09,0.00,0.00
28.48,2.49,2.49,3.01,0.02,0.00,-2.06,-1.64,-0.26,-0.05,0.00,0.00
28.52,2.50,2.50,3.01,0.02,0.00,-0.90,-1.43,0.37,-0.05,0.00,0.00
28.55,2.50,2.50,3.01,0.01,0.00,-1.11,-1.00,-0.11,-0.03,0.00,0.00
28.59,2.49,2.50,3.01,0.01,0.00,-2.27,-1.00,-1.26,-0.03,0.00,0.00
28.62,2.50,2.50,3.01,0.01,0.00,-1.53,-0.58,-1.64,-0.02,0.00,0.00
28.66,2.50,2.50,3.01,0.01,0.00,-0.69,-0.79,0.13,-0.03,0.00,0.00
28.69,2.49,2.49,3.01,0.02,0.00,-1.85,-1.64,-0.13,-0.05,0.00,0.00
28.73,2.49,2.49,3.01,0.04,0.00,-1.64,-2.48,0.34,-0.08,0.00,0.00
28.77,2.49,2.49,3.01,0.03,0.00,-1.74,-1.74,0.00,-0.06,0.00,0.00
28.80,2.49,2.50,3.01,0.02,0.00,-2.06,-1.11,-0.86,-0.04,0.00,0.00
28.84,2.49,2.49,3.01,0.04,0.00,-2.27,-2.48,0.09,-0.08,0.00,0.00
28.87,2.50,2.50,3.01,0.02,0.00,-0.48,-1.43,0.67,-0.05,0.00,0.00
28.91,2.50,2.50,3.01,0.01,0.00,-1.00,-0.58,-0.73,-0.02,0.00,0.00
28.94,2.50,2.50,3.01,0.01,0.00,-0.37,-0.58,0.36,-0.02,0.00,0.00
28.98,2.50,2.50,3.01,0.02,0.00,-1.43,-1.43,0.00,-0.05,0.00,0.00
29.01,2.49,2.50,3.01,0.02,0.00,-1.74,-1.11,-0.57,-0.04,0.00,0.00
29.05,2.49,2.50,3.01,0.02,0.00,-1.85,-1.11,-0.67,-0.04,0.00,0.00
29.08,2.49,2.50,3.01,-0.00,0.00,-1.85,0.16,0.00,0.01,0.00,0.00
29.12,2.49,2.49,3.01,0.03,0.00,-2.06,-2.06,0.00,-0.07,0.00,0.00
29.16,2.50,2.49,3.01,0.03,0.00,-1.11,-2.27,0.51,-0.07,0.00,0.00
29.19,2.50,2.49,3.01,0.03,0.00,-0.58,-2.06,0.72,-0.07,0.00,0.00
29.23,2.50,2.49,3.01,0.03,0.00,-1.11,-2.06,0.46,-0.07,0.00,0.00
29.26,2.50,2.49,3.01,0.03,0.00,-1.32,-2.27,0.42,-0.07,0.00,0.00
29.30,2.50,2.50,3.01,0.02,0.00,-0.26,-1.21,0.78,-0.04,0.00,0.00
29.34,2.50,2.50,3.01,0.01,0.00,-1.32,-1.00,-0.32,-0.03,0.00,0.00
29.37,2.49,2.50,3.01,0.02,0.00,-2.38,-1.21,-0.96,-0.04,0.00,0.00
29.41,2.49,2.49,3.01,0.03,0.00,-2.59,-1.74,-0.48,-0.06,0.00,0.00
29.44,2.50,2.49,3.02,0.03,0.00,-1.21,-2.16,0.44,-0.07,0.00,0.00
29.48,2.50,2.49,3.01,0.03,0.00,-0.79,-2.06,0.62,-0.07,0.00,0.00
29.51,2.50,2.49,3.01,0.03,0.00,-1.21,-2.38,0.49,-0.08,0.00,0.00
29.55,2.50,2.50,3.01,0.01,0.00,-0.69,-0.58,-0.18,-0.02,0.00,0.00
29.58,2.49,2.49,3.01,0.02,0.00,-2.38,-1.64,-0.45,-0.05,0.00,0.00
29.62,2.50,2.50,3.01,0.01,0.00,-0.79,-0.79,0.00,-0.03,0.00,0.00
29.66,2.49,2.49,3.01,0.03,0.00,-2.27,-2.06,-0.10,-0.07,0.00,0.00
29.69,2.49,2.50,3.02,0.01,0.00,-2.59,-0.90,-1.88,-0.03,0.00,0.00
29.73,2.50,2.49,3.01,0.02,0.00,-1.53,-1.64,0.06,-0.05,0.00,0.00
29.76,2.50,2.51,3.01,-0.04,0.00,0.05,2.90,-0.98,0.09,0.00,0.00
29.80,2.51,2.50,3.01,0.02,0.00,3.11,-1.32,3.36,-0.04,0.00,0.00
29.83,2.50,2.50,3.01,0.02,0.00,0.58,-1.43,1.41,-0.05,0.00,0.00
29.87,2.50,2.49,3.01,0.03,0.00,-0.58,-1.74,0.67,-0.06,0.00,0.00
29.90,2.50,2.50,3.01,0.01,0.00,-0.69,-0.58,-0.18,-0.02,0.00,0.00
29.94,2.49,2.49,3.01,0.03,0.00,-2.27,-1.85,-0.23,-0.06,0.00,0.00
29.98,2.50,2.50,3.01,0.01,0.00,-0.79,-0.69,-0.15,-0.02,0.00,0.00
30.01,2.49,2.50,3.01,0.01,0.00,-2.38,-1.00,-1.37,-0.03,0.00,0.00
30.05,2.50,2.50,3.01,0.01,0.00,-1.32,-0.79,-0.67,-0.03,0.00,0.00
30.08,2.49,2.49,3.01,0.04,0.00,-1.74,-2.48,0.30,-0.08,0.00,0.00
30.12,2.50,2.50,3.01,0.02,0.00,-0.58,-1.11,0.48,-0.04,0.00,0.00
30.15,2.50,2.49,3.01,0.04,0.00,-1.32,-3.01,0.56,-0.10,0.00,0.00
30.19,2.50,2.49,3.01,0.03,0.00,-0.37,-2.27,0.84,-0.07,0.00,0.00
30.22,2.49,2.49,3.01,0.03,0.00,-1.85,-1.85,0.00,-0.06,0.00,0.00
30.26,2.50,2.50,3.01,0.01,0.00,-0.16,-0.79,0.80,-0.03,0.00,0.00
30.29,2.50,2.49,3.01,0.04,0.00,-0.48,-2.48,0.81,-0.08,0.00,0.00
30.33,2.50,2.50,3.01,0.01,0.00,-1.43,-0.90,-0.59,-0.03,0.00,0.00
30.36,2.49,2.50,3.01,0.02,0.00,-2.16,-1.21,-0.78,-0.04,0.00,0.00
30.40,2.51,2.50,3.01,0.01,0.00,3.01,-0.79,4.80,-0.03,0.00,0.00
30.43,2.50,2.51,3.02,-0.04,0.00,-0.26,2.80,-1.09,0.09,0.00,0.00
30.47,2.51,2.51,3.01,-0.06,0.00,1.95,4.06,-0.52,0.13,0.00,0.00
30.51,2.50,2.50,3.02,-0.00,0.00,0.79,0.05,10.00,0.00,0.00,0.00
30.54,2.49,2.50,3.01,0.02,0.00,-1.85,-1.32,-0.40,-0.04,0.00,0.00
30.58,2.50,2.49,3.02,0.03,0.00,-1.32,-2.06,0.36,-0.07,0.00,0.00
30.61,2.50,2.49,3.01,0.03,0.00,-1.00,-2.27,0.56,-0.07,0.00,0.00
30.65,2.50,2.49,3.01,0.02,0.00,-0.90,-1.64,0.45,-0.05,0.00,0.00
30.68,2.51,2.50,3.01,-0.01,0.00,2.16,0.37,4.86,0.01,0.00,0.00
30.72,2.52,2.51,3.01,-0.06,0.00,5.44,4.06,0.34,0.13,0.00,0.00
30.75,2.51,2.52,3.01,-0.07,0.00,4.38,5.01,-0.13,0.16,0.00,0.00
30.79,2.51,2.51,3.01,-0.04,0.00,4.38,2.59,0.69,0.08,0.00,0.00
30.83,2.51,2.50,3.01,0.01,0.00,1.74,-0.58,4.00,-0.02,0.00,0.00
30.86,2.50,2.49,3.01,0.03,0.00,-1.21,-2.27,0.47,-0.07,0.00,0.00
30.90,2.50,2.50,3.01,0.02,0.00,0.90,-1.53,1.59,-0.05,0.00,0.00
30.93,2.50,2.49,3.01,0.03,0.00,-1.11,-2.27,0.51,-0.07,0.00,0.00
30.97,2.50,2.50,3.01,0.01,0.00,-0.16,-1.00,0.84,-0.03,0.00,0.00
31.00,2.50,2.50,3.01,-0.02,0.00,-1.43,1.32,-2.08,0.04,0.00,0.00
31.04,2.51,2.52,3.01,-0.07,0.00,3.43,4.91,-0.30,0.16,0.00,0.00
31.07,2.51,2.51,3.01,-0.07,0.00,3.75,4.59,-0.18,0.15,0.00,0.00
31.11,2.52,2.52,3.01,-0.08,0.00,5.33,5.54,-0.04,0.18,0.00,0.00
31.15,2.51,2.51,3.01,-0.07,0.00,4.59,4.49,0.02,0.14,0.00,0.00
31.18,2.51,2.52,3.01,-0.08,0.00,4.80,5.33,-0.10,0.17,0.00,0.00
31.22,2.50,2.50,3.01,-0.00,0.00,1.00,0.16,5.33,0.01,0.00,0.00
31.25,2.50,2.50,3.01,0.01,0.00,-0.26,-0.69,0.62,-0.02,0.00,0.00
31.29,2.49,2.49,3.01,0.03,0.00,-2.06,-2.38,0.13,-0.08,0.00,0.00
31.32,2.49,2.50,3.01,0.01,0.00,-2.16,-0.58,-2.73,-0.02,0.00,0.00
31.36,2.50,2.49,3.01,0.03,0.00,-1.43,-2.16,0.34,-0.07,0.00,0.00
31.39,2.50,2.50,3.01,0.02,0.00,-0.37,-1.11,0.67,-0.04,0.00,0.00
31.43,2.50,2.49,3.01,0.03,0.00,-1.32,-2.38,0.44,-0.08,0.00,0.00
31.47,2.50,2.50,3.01,0.02,0.00,-0.69,-1.43,0.52,-0.05,0.00,0.00
31.50,2.49,2.50,3.01,0.02,0.00,-2.48,-1.43,-0.74,-0.05,0.00,0.00
31.54,2.50,2.50,3.01,0.01,0.00,-1.32,-0.37,-2.57,-0.01,0.00,0.00
31.57,2.49,2.49,3.01,0.03,0.00,-2.16,-1.85,-0.17,-0.06,0.00,0.00
31.61,2.50,2.50,3.02,0.01,0.00,-1.00,-0.90,-0.12,-0.03,0.00,0.00
31.64,2.50,2.49,3.01,0.04,0.00,-1.53,-2.48,0.38,-0.08,0.00,0.00
31.68,2.50,2.49,3.01,0.03,0.00,-0.37,-1.85,0.80,-0.06,0.00,0.00
31.72,2.50,2.49,3.01,0.04,0.00,-1.11,-2.59,0.57,-0.08,0.00,0.00
31.75,2.50,2.50,3.01,-0.01,0.00,-0.37,0.69,-1.54,0.02,0.00,0.00
31.79,2.50,2.51,3.01,-0.05,0.00,-0.58,3.33,-1.17,0.11,0.00,0.00
31.82,2.51,2.52,3.01,-0.08,0.00,4.70,5.65,-0.17,0.18,0.00,0.00
31.86,2.51,2.51,3.01,-0.07,0.00,2.90,4.59,-0.37,0.15,0.00,0.00
31.89,2.50,2.51,3.01,-0.06,0.00,1.43,3.75,-0.62,0.12,0.00,0.00
31.93,2.51,2.50,3.01,0.01,0.00,1.85,-0.69,3.69,-0.02,0.00,0.00
31.96,2.50,2.50,3.01,0.01,0.00,-0.16,-0.79,0.80,-0.03,0.00,0.00
32.00,2.49,2.49,3.01,0.03,0.00,-1.95,-2.16,0.10,-0.07,0.00,0.00
32.03,2.50,2.49,3.01,0.03,0.00,-0.90,-1.85,0.51,-0.06,0.00,0.00
32.07,2.50,2.49,3.01,0.03,0.00,-0.69,-2.16,0.68,-0.07,0.00,0.00
32.11,2.50,2.50,3.01,0.02,0.00,-0.37,-1.43,0.74,-0.05,0.00,0.00
32.14,2.50,2.50,3.01,0.00,0.00,-1.43,-0.16,-8.00,-0.01,0.00,0.00
32.18,2.50,2.51,3.01,-0.06,0.00,-1.32,3.96,-1.33,0.13,0.00,0.00
32.2?,2.51,2.52,3.01,-0.07,0.00,4.38,5.01,-0.13,0.16,0.00,0.00
32.25,2.51,2.51,3.01,-0.06,0.00,3.96,4.06,-0.03,0.13,0.00,0.00
32.28,2.52,2.51,3.01,-0.07,0.00,5.75,4.70,0.22,0.15,0.00,0.00
32.32,2.51,2.51,3.01,-0.06,0.00,3.75,3.85,-0.03,0.12,0.00,0.00
32.35,2.50,2.51,3.01,-0.06,0.00,0.26,3.85,-0.93,0.12,0.00,0.00
32.39,2.50,2.49,3.01,0.02,0.00,-0.48,-1.64,0.71,-0.05,0.00,0.00
32.43,2.50,2.50,3.01,0.01,0.00,-0.48,-0.48,0.00,-0.02,0.00,0.00
32.46,2.49,2.49,3.01,0.02,0.00,-2.27,-1.64,-0.39,-0.05,0.00,0.00
32.50,2.50,2.50,3.01,0.01,0.00,-0.69,-0.69,0.00,-0.02,0.00,0.00
32.53,2.49,2.49,3.01,0.03,0.00,-1.95,-2.06,0.05,-0.07,0.00,0.00
32.57,2.50,2.50,3.01,0.01,0.00,-1.21,-1.00,-0.21,-0.03,0.00,0.00
32.60,2.49,2.49,3.01,0.03,0.00,-2.16,-2.27,0.05,-0.07,0.00,0.00
32.64,2.50,2.50,3.01,0.01,0.00,-1.32,-0.90,-0.47,-0.03,0.00,0.00
32.67,2.49,2.50,3.02,0.01,0.00,-2.27,-0.79,-1.87,-0.03,0.00,0.00
32.71,2.50,2.51,3.01,-0.05,0.00,-0.37,3.43,-1.11,0.11,0.00,0.00
32.74,2.51,2.51,3.01,-0.05,0.00,3.01,3.33,-0.10,0.11,0.00,0.00
32.78,2.50,2.50,3.01,0.00,0.00,0.58,-0.16,4.67,-0.01,0.00,0.00
32.82,2.50,2.49,3.01,0.03,0.00,-1.53,-2.06,0.26,-0.07,0.00,0.00
32.85,2.50,2.50,3.01,0.01,0.00,-0.58,-0.69,0.15,-0.02,0.00,0.00
32.89,2.50,2.50,3.01,0.01,0.00,-1.43,-0.90,-0.59,-0.03,0.00,0.00
32.92,2.49,2.50,3.01,0.02,0.00,-2.16,-1.43,-0.52,-0.05,0.00,0.00
32.96,2.50,2.50,3.01,0.01,0.00,-1.32,-0.90,-0.47,-0.03,0.00,0.00
32.99,2.50,2.50,3.01,0.01,0.00,-0.58,-1.00,0.42,-0.03,0.00,0.00
33.03,2.49,2.50,3.01,0.02,0.00,-1.95,-1.43,-0.37,-0.05,0.00,0.00
33.07,2.50,2.50,3.01,0.01,0.00,-1.43,-0.69,-1.08,-0.02,0.00,0.00
33.10,2.49,2.50,3.01,0.02,0.00,-2.06,-1.53,-0.34,-0.05,0.00,0.00
33.14,2.50,2.50,3.01,0.01,0.00,-1.32,-0.69,-0.92,-0.02,0.00,0.00
33.17,2.49,2.49,3.01,0.03,0.00,-2.27,-1.85,-0.23,-0.06,0.00,0.00
33.21,2.50,2.49,3.01,0.03,0.00,-1.11,-1.85,0.40,-0.06,0.00,0.00
33.24,2.50,2.49,3.01,0.03,0.00,-0.79,-2.06,0.62,-0.07,0.00,0.00
33.28,2.50,2.49,3.01,0.03,0.00,0.05,-1.74,1.03,-0.06,0.00,0.00
33.31,2.50,2.49,3.01,0.03,0.00,-1.43,-2.16,0.34,-0.07,0.00,0.00
33.35,2.50,2.50,3.01,0.02,0.00,-0.69,-1.32,0.48,-0.04,0.00,0.00
33.38,2.50,2.50,3.01,0.01,0.00,-1.53,-1.00,-0.53,-0.03,0.00,0.00
33.42,2.49,2.50,3.01,0.01,0.00,-1.95,-0.79,-1.47,-0.03,0.00,0.00
33.46,2.49,2.49,3.01,0.03,0.00,-2.27,-2.16,-0.05,-0.07,0.00,0.00
33.49,2.50,2.49,3.01,0.03,0.00,-1.43,-2.16,0.34,-0.07,0.00,0.00
33.53,2.49,2.49,3.01,0.02,0.00,-2.27,-1.64,-0.39,-0.05,0.00,0.00
33.56,2.50,2.50,3.01,-0.02,0.00,-1.21,1.43,-1.85,0.05,0.00,0.00
33.60,2.49,2.50,3.01,-0.00,0.00,-2.16,0.16,0.00,0.01,0.00,0.00
33.63,2.51,2.50,3.01,-0.01,0.00,1.74,1.00,0.74,0.03,0.00,0.00
33.67,2.51,2.50,3.01,0.00,0.00,2.16,-0.16,10.00,-0.01,0.00,0.00
33.71,2.51,2.50,3.01,0.02,0.00,2.16,-1.43,2.52,-0.05,0.00,0.00
33.74,2.51,2.50,3.01,0.01,0.00,4.38,-0.37,10.00,-0.01,0.00,0.00
33.78,2.51,2.51,3.01,-0.06,0.00,2.16,4.38,-0.51,0.14,0.00,0.00
33.81,2.50,2.51,3.01,-0.04,0.00,1.21,2.69,-0.55,0.09,0.00,0.00
33.85,2.51,2.50,3.01,0.00,0.00,2.27,-0.26,9.60,-0.01,0.00,0.00
33.88,2.50,2.50,3.01,0.02,0.00,-1.32,-1.53,0.14,-0.05,0.00,0.00
33.92,2.50,2.49,3.01,0.03,0.00,-1.11,-2.16,0.49,-0.07,0.00,0.00
33.95,2.50,2.50,3.01,0.01,0.00,-0.26,-1.00,0.74,-0.03,0.00,0.00
33.99,2.50,2.49,3.01,0.04,0.00,-1.43,-2.69,0.47,-0.09,0.00,0.00
34.02,2.50,2.49,3.01,0.03,0.00,-0.48,-2.38,0.80,-0.08,0.00,0.00
34.06,2.49,2.50,3.01,0.02,0.00,-2.16,-1.53,-0.41,-0.05,0.00,0.00
34.10,2.50,2.50,3.01,0.01,0.00,-0.58,-1.00,0.42,-0.03,0.00,0.00
34.13,2.49,2.50,3.01,0.01,0.00,-1.74,-0.79,-1.20,-0.03,0.00,0.00
34.17,2.50,2.51,3.02,-0.06,0.00,-1.11,4.28,-1.26,0.14,0.00,0.00
34.20,2.51,2.51,3.01,-0.06,0.00,3.22,3.85,-0.16,0.12,0.00,0.00
34.24,2.50,2.50,3.01,-0.00,0.00,0.58,0.26,1.20,0.01,0.00,0.00
34.28,2.49,2.49,3.01,0.03,0.00,-1.85,-1.95,0.05,-0.06,0.00,0.00
34.31,2.50,2.50,3.01,0.01,0.00,-0.69,-1.00,0.32,-0.03,0.00,0.00
34.35,2.50,2.49,3.01,0.03,0.00,-1.21,-2.38,0.49,-0.08,0.00,0.00
34.38,2.50,2.50,3.01,0.02,0.00,-0.26,-1.43,0.81,-0.05,0.00,0.00
34.42,2.50,2.50,3.01,0.01,0.00,-0.90,-0.90,0.00,-0.03,0.00,0.00
34.45,2.50,2.49,3.01,0.03,0.00,-0.69,-1.85,0.63,-0.06,0.00,0.00
34.49,2.50,2.49,3.01,0.03,0.00,-0.26,-2.27,0.88,-0.07,0.00,0.00
34.52,2.50,2.50,3.01,0.02,0.00,-0.69,-1.43,0.52,-0.05,0.00,0.00
34.56,2.50,2.50,3.01,0.01,0.00,-1.32,-0.90,-0.47,-0.03,0.00,0.00
34.59,2.49,2.50,3.01,0.02,0.00,-2.27,-1.11,-1.05,-0.04,0.00,0.00
34.63,2.49,2.51,3.01,-0.04,0.00,-2.16,3.01,-1.72,0.10,0.00,0.00
34.66,2.51,2.52,3.01,-0.07,0.00,2.69,5.01,-0.46,0.16,0.00,0.00
34.70,2.52,2.51,3.01,-0.07,0.00,5.54,4.59,0.21,0.15,0.00,0.00
34.74,2.50,2.50,3.01,0.00,0.00,1.00,-0.05,10.00,-0.00,0.00,0.00
34.77,2.50,2.49,3.01,0.03,0.00,-0.16,-2.38,0.93,-0.08,0.00,0.00
34.81,2.50,2.50,3.01,0.02,0.00,-0.69,-1.43,0.52,-0.05,0.00,0.00
34.84,2.50,2.50,3.01,0.01,0.00,-0.48,-0.90,0.47,-0.03,0.00,0.00
34.88,2.51,2.49,3.01,0.02,0.00,2.16,-1.64,2.32,-0.05,0.00,0.00
34.91,2.52,2.51,3.01,-0.05,0.00,5.12,3.43,0.49,0.11,0.00,0.00
34.95,2.51,2.51,3.01,-0.07,0.00,4.49,4.59,-0.02,0.15,0.00,0.00
34.98,2.52,2.52,3.02,-0.07,0.00,4.91,5.01,-0.02,0.16,0.00,0.00
35.02,2.50,2.50,3.01,0.00,0.00,0.26,-0.26,2.00,-0.01,0.00,0.00
35.06,2.50,2.50,3.01,0.01,0.00,-0.69,-0.48,-0.44,-0.02,0.00,0.00
35.09,2.50,2.49,3.02,0.03,0.00,-1.32,-2.38,0.44,-0.08,0.00,0.00
35.13,2.50,2.49,3.01,0.03,0.00,-0.48,-2.06,0.77,-0.07,0.00,0.00
35.16,2.50,2.49,3.01,0.03,0.00,-1.43,-2.27,0.37,-0.07,0.00,0.00
35.20,2.50,2.50,3.01,0.01,0.00,-0.58,-0.79,0.27,-0.03,0.00,0.00
35.23,2.49,2.51,3.01,-0.03,0.00,-1.95,1.85,-2.06,0.06,0.00,0.00
35.27,2.51,2.52,3.01,-0.08,0.00,2.16,5.33,-0.59,0.17,0.00,0.00
35.31,2.51,2.51,3.01,-0.06,0.00,3.43,4.17,-0.18,0.13,0.00,0.00
35.34,2.52,2.52,3.01,-0.08,0.00,5.23,5.54,-0.06,0.18,0.00,0.00
35.38,2.51,2.50,3.01,-0.01,0.00,3.85,0.90,3.29,0.03,0.00,0.00
35.41,2.51,2.50,3.01,0.01,0.00,2.27,-0.90,3.53,-0.03,0.00,0.00
35.45,2.50,2.49,3.01,0.03,0.00,-0.79,-2.27,0.65,-0.07,0.00,0.00
35.48,2.50,2.50,3.01,0.02,0.00,-0.58,-1.11,0.48,-0.04,0.00,0.00
35.52,2.50,2.49,3.01,0.03,0.00,-0.58,-1.95,0.70,-0.06,0.00,0.00
35.55,2.50,2.50,3.01,0.02,0.00,-0.48,-1.43,0.67,-0.05,0.00,0.00
35.59,2.50,2.50,3.01,0.01,0.00,-0.90,-0.58,-0.55,-0.02,0.00,0.00
35.63,2.50,2.49,3.01,0.02,0.00,1.53,-1.64,1.94,-0.05,0.00,0.00
35.66,2.51,2.51,3.01,-0.04,0.00,1.64,2.69,-0.39,0.09,0.00,0.00
35.70,2.50,2.51,3.01,-0.07,0.00,0.79,4.59,-0.83,0.15,0.00,0.00
35.73,2.51,2.52,3.01,-0.07,0.00,1.74,5.01,-0.65,0.16,0.00,0.00
35.77,2.50,2.50,3.01,-0.01,0.00,-1.21,1.00,-2.21,0.03,0.00,0.00
35.80,2.50,2.50,3.01,0.01,0.00,-1.43,-0.58,-1.45,-0.02,0.00,0.00
35.84,2.50,2.50,3.01,0.01,0.00,-1.11,-0.58,-0.91,-0.02,0.00,0.00
35.87,2.50,2.49,3.01,0.03,0.00,-0.48,-1.74,0.73,-0.06,0.00,0.00
35.91,2.50,2.49,3.01,0.04,0.00,-1.32,-2.59,0.49,-0.08,0.00,0.00
35.94,2.50,2.49,3.01,0.03,0.00,-0.48,-1.95,0.76,-0.06,0.00,0.00
35.98,2.50,2.49,3.01,0.04,0.00,-0.79,-2.59,0.69,-0.08,0.00,0.00
36.01,2.50,2.49,3.01,0.03,0.00,-0.79,-2.27,0.65,-0.07,0.00,0.00
36.05,2.49,2.50,3.01,0.02,0.00,-2.06,-1.53,-0.34,-0.05,0.00,0.00
36.09,2.50,2.50,3.01,-0.01,0.00,-0.05,0.48,-1.11,0.02,0.00,0.00
36.12,2.51,2.51,3.01,-0.06,0.00,4.80,3.75,0.28,0.12,0.00,0.00
36.16,2.52,2.52,3.01,-0.08,0.00,4.91,5.33,-0.08,0.17,0.00,0.00
36.19,2.51,2.51,3.01,-0.07,0.00,4.28,4.49,-0.05,0.14,0.00,0.00
36.23,2.52,2.51,3.01,-0.07,0.00,5.33,4.70,0.13,0.15,0.00,0.00
36.26,2.51,2.50,3.01,-0.00,0.00,3.33,0.16,10.00,0.01,0.00,0.00
36.30,2.50,2.50,3.02,0.01,0.00,-0.37,-1.00,0.63,-0.03,0.00,0.00
36.33,2.49,2.49,3.01,0.03,0.00,-1.85,-1.95,0.05,-0.06,0.00,0.00
36.37,2.50,2.50,3.01,0.02,0.00,-1.11,-1.21,0.09,-0.04,0.00,0.00
36.41,2.49,2.49,3.02,0.03,0.00,-1.64,-2.27,0.28,-0.07,0.00,0.00
36.44,2.50,2.49,3.01,0.02,0.00,-0.26,-1.64,0.84,-0.05,0.00,0.00
36.48,2.50,2.49,3.01,0.04,0.00,-1.21,-2.48,0.51,-0.08,0.00,0.00
36.51,2.52,2.50,3.01,0.02,0.00,4.91,-1.32,4.72,-0.04,0.00,0.00
36.55,2.51,2.51,3.01,-0.06,0.00,4.70,4.17,0.13,0.13,0.00,0.00
36.58,2.52,2.52,3.01,-0.08,0.00,5.65,5.44,0.04,0.17,0.00,0.00
36.62,2.51,2.51,3.01,-0.07,0.00,4.28,4.49,-0.05,0.14,0.00,0.00
36.66,2.51,2.52,3.01,-0.08,0.00,3.85,5.65,-0.32,0.18,0.00,0.00
36.69,2.50,2.51,3.01,-0.06,0.00,-1.11,3.96,-1.28,0.13,0.00,0.00
36.73,2.49,2.50,3.01,0.02,0.00,-2.06,-1.43,-0.44,-0.05,0.00,0.00
36.76,2.50,2.49,3.01,0.03,0.00,-0.37,-1.85,0.80,-0.06,0.00,0.00
36.80,2.50,2.49,3.01,0.03,0.00,-1.11,-1.85,0.40,-0.06,0.00,0.00
36.83,2.50,2.49,3.01,0.03,0.00,-0.58,-2.06,0.72,-0.07,0.00,0.00
36.87,2.50,2.50,3.01,0.01,0.00,-0.69,-1.00,0.32,-0.03,0.00,0.00
36.90,2.50,2.51,3.01,-0.06,0.00,-1.00,4.28,-1.23,0.14,0.00,0.00
36.94,2.51,2.51,3.01,-0.07,0.00,3.01,4.59,-0.34,0.15,0.00,0.00
36.97,2.51,2.52,3.01,-0.08,0.00,4.70,5.44,-0.14,0.17,0.00,0.00
37.01,2.51,2.50,3.01,-0.01,0.00,3.96,0.79,4.00,0.03,0.00,0.00
37.05,2.50,2.50,3.01,0.02,0.00,-0.58,-1.11,0.48,-0.04,0.00,0.00
37.08,2.50,2.49,3.01,0.04,0.00,-1.21,-2.59,0.53,-0.08,0.00,0.00
37.12,2.50,2.49,3.01,0.02,0.00,-0.48,-1.64,0.71,-0.05,0.00,0.00
37.15,2.49,2.49,3.01,0.03,0.00,-1.74,-2.06,0.15,-0.07,0.00,0.00
37.19,2.50,2.49,3.01,0.03,0.00,-0.37,-1.74,0.79,-0.06,0.00,0.00
37.22,2.49,2.49,3.01,0.03,0.00,-1.74,-2.27,0.23,-0.07,0.00,0.00
37.26,2.50,2.50,3.01,0.02,0.00,-0.37,-1.32,0.72,-0.04,0.00,0.00
37.30,2.50,2.51,3.01,-0.03,0.00,-1.53,2.27,-1.67,0.07,0.00,0.00
37.33,2.51,2.50,3.02,-0.01,0.00,3.43,0.79,3.33,0.03,0.00,0.00
37.37,2.50,2.49,3.01,0.03,0.00,-0.37,-1.95,0.81,-0.06,0.00,0.00
37.40,2.50,2.49,3.02,0.03,0.00,-0.69,-1.95,0.65,-0.06,0.00,0.00
37.44,2.49,2.49,3.01,0.03,0.00,-2.27,-2.38,0.04,-0.08,0.00,0.00
37.47,2.50,2.50,3.02,0.02,0.00,-0.79,-1.53,0.48,-0.05,0.00,0.00
37.51,2.51,2.49,3.01,0.03,0.00,1.85,-2.27,1.81,-0.07,0.00,0.00
37.54,2.52,2.51,3.01,-0.03,0.00,5.23,2.38,1.20,0.08,0.00,0.00
37.58,2.51,2.51,3.01,-0.05,0.00,4.49,3.64,0.23,0.12,0.00,0.00
37.61,2.52,2.51,3.01,-0.06,0.00,5.96,4.38,0.36,0.14,0.00,0.00
37.65,2.50,2.50,3.01,-0.00,0.00,1.21,0.16,6.66,0.01,0.00,0.00
37.69,2.50,2.50,3.01,0.01,0.00,-0.05,-0.69,0.92,-0.02,0.00,0.00
37.72,2.50,2.50,3.01,0.01,0.00,-1.21,-0.90,-0.35,-0.03,0.00,0.00
37.76,2.50,2.50,3.01,0.01,0.00,0.69,-0.90,1.76,-0.03,0.00,0.00
37.79,2.49,2.49,3.01,0.03,0.00,-2.16,-2.06,-0.05,-0.07,0.00,0.00
37.83,2.50,2.50,3.01,0.01,0.00,-1.11,-0.58,-0.91,-0.02,0.00,0.00
37.86,2.50,2.49,3.01,0.03,0.00,-0.26,-1.95,0.86,-0.06,0.00,0.00
37.90,2.50,2.49,3.01,0.03,0.00,-1.21,-1.95,0.38,-0.06,0.00,0.00
37.93,2.50,2.49,3.01,0.04,0.00,0.48,-2.69,1.18,-0.09,0.00,0.00
37.97,2.50,2.50,3.01,0.02,0.00,-0.48,-1.11,0.57,-0.04,0.00,0.00
38.01,2.50,2.50,3.01,0.01,0.00,-1.11,-0.79,-0.40,-0.03,0.00,0.00
38.04,2.49,2.49,3.01,0.02,0.00,-2.16,-1.64,-0.32,-0.05,0.00,0.00
38.08,2.49,2.50,3.01,0.02,0.00,-1.95,-1.53,-0.28,-0.05,0.00,0.00
38.11,2.50,2.50,3.01,0.01,0.00,-1.53,-0.58,-1.64,-0.02,0.00,0.00
38.15,2.49,2.49,3.01,0.03,0.00,-2.06,-1.74,-0.18,-0.06,0.00,0.00
38.18,2.50,2.50,3.01,0.01,0.00,-1.43,-1.00,-0.42,-0.03,0.00,0.00
38.22,2.49,2.50,3.01,0.02,0.00,-1.95,-1.43,-0.37,-0.05,0.00,0.00
38.25,2.50,2.49,3.01,0.03,0.00,-1.21,-1.95,0.38,-0.06,0.00,0.00
38.29,2.50,2.49,3.01,0.03,0.00,-0.48,-2.16,0.78,-0.07,0.00,0.00
38.33,2.49,2.49,3.01,0.03,0.00,-1.64,-2.06,0.21,-0.07,0.00,0.00
38.36,2.50,2.49,3.01,0.04,0.00,-0.69,-2.59,0.73,-0.08,0.00,0.00
38.40,2.49,2.50,3.01,-0.00,0.00,-1.85,0.26,-8.00,0.01,0.00,0.00
38.43,2.50,2.52,3.02,-0.07,0.00,0.69,4.91,-0.86,0.16,0.00,0.00
38.47,2.51,2.51,3.01,-0.06,0.00,3.43,4.17,-0.18,0.13,0.00,0.00
38.50,2.52,2.52,3.02,-0.08,0.00,4.91,5.23,-0.06,0.17,0.00,0.00
38.54,2.51,2.51,3.01,-0.06,0.00,4.70,4.06,0.16,0.13,0.00,0.00
38.57,2.51,2.51,3.01,-0.03,0.00,3.22,2.38,0.36,0.08,0.00,0.00
38.61,2.50,2.50,3.01,0.02,0.00,-0.58,-1.43,0.59,-0.05,0.00,0.00
38.65,2.50,2.50,3.01,0.02,0.00,-0.48,-1.32,0.64,-0.04,0.00,0.00
38.68,2.50,2.49,3.01,0.03,0.00,-0.90,-2.06,0.56,-0.07,0.00,0.00
38.72,2.50,2.50,3.01,0.01,0.00,-0.69,-0.79,0.13,-0.03,0.00,0.00
38.75,2.49,2.50,3.01,0.02,0.00,-1.64,-1.53,-0.07,-0.05,0.00,0.00
38.79,2.50,2.50,3.01,0.01,0.00,-0.69,-1.00,0.32,-0.03,0.00,0.00
38.82,2.50,2.50,3.01,0.00,0.00,0.48,-0.26,2.80,-0.01,0.00,0.00
38.86,2.51,2.51,3.01,-0.07,0.00,4.38,4.80,-0.09,0.15,0.00,0.00
38.89,2.51,2.51,3.01,-0.04,0.00,4.06,2.69,0.51,0.09,0.00,0.00
38.93,2.51,2.50,3.01,-0.00,0.00,4.17,0.05,10.00,0.00,0.00,0.00
38.97,2.49,2.49,3.01,0.03,0.00,-2.48,-1.95,-0.27,-0.06,0.00,0.00
39.00,2.50,2.49,3.01,0.02,0.00,0.05,-1.64,1.03,-0.05,0.00,0.00
39.04,2.50,2.49,3.01,0.03,0.00,-1.53,-2.27,0.33,-0.07,0.00,0.00
39.07,2.50,2.50,3.01,0.02,0.00,-0.69,-1.21,0.43,-0.04,0.00,0.00
39.11,2.50,2.49,3.01,0.03,0.00,-0.90,-2.06,0.56,-0.07,0.00,0.00
39.14,2.50,2.50,3.01,0.01,0.00,-0.69,-0.69,0.00,-0.02,0.00,0.00
39.18,2.49,2.50,3.01,0.02,0.00,-1.95,-1.43,-0.37,-0.05,0.00,0.00
39.21,2.49,2.50,3.02,0.01,0.00,-1.64,-0.79,-1.07,-0.03,0.00,0.00
39.25,2.49,2.51,3.01,-0.04,0.00,-2.16,2.90,-1.75,0.09,0.00,0.00
39.29,2.51,2.51,3.01,-0.07,0.00,4.49,4.49,0.00,0.14,0.00,0.00
39.32,2.51,2.51,3.01,-0.05,0.00,4.17,3.64,0.14,0.12,0.00,0.00
39.36,2.50,2.52,3.01,-0.08,0.00,1.32,5.12,-0.74,0.16,0.00,0.00
39.39,2.51,2.50,3.01,0.02,0.00,3.96,-1.11,4.57,-0.04,0.00,0.00
39.43,2.50,2.50,3.01,0.01,0.00,0.05,-0.48,1.11,-0.02,0.00,0.00
39.46,2.50,2.50,3.01,0.02,0.00,-1.32,-1.43,0.07,-0.05,0.00,0.00
39.50,2.50,2.50,3.01,0.01,0.00,-1.00,-0.79,-0.27,-0.03,0.00,0.00
39.53,2.49,2.50,3.01,0.02,0.00,-2.27,-1.53,-0.48,-0.05,0.00,0.00
39.57,2.49,2.50,3.02,0.02,0.00,-1.64,-1.32,-0.24,-0.04,0.00,0.00
39.60,2.49,2.49,3.01,0.03,0.00,-1.64,-2.16,0.24,-0.07,0.00,0.00
39.64,2.50,2.50,3.01,0.02,0.00,-0.69,-1.43,0.52,-0.05,0.00,0.00
39.68,2.50,2.49,3.01,0.03,0.00,-1.21,-2.16,0.44,-0.07,0.00,0.00
39.71,2.50,2.49,3.01,0.02,0.00,-0.58,-1.64,0.65,-0.05,0.00,0.00
39.75,2.50,2.49,3.01,0.03,0.00,-1.43,-1.85,0.23,-0.06,0.00,0.00
39.78,2.50,2.50,3.01,0.01,0.00,-0.58,-0.79,0.27,-0.03,0.00,0.00
39.82,2.49,2.49,3.01,0.03,0.00,-2.16,-2.16,0.00,-0.07,0.00,0.00
39.85,2.50,2.50,3.01,0.01,0.00,-1.53,-0.69,-1.23,-0.02,0.00,0.00
39.89,2.49,2.49,3.01,0.03,0.00,-2.06,-2.38,0.13,-0.08,0.00,0.00
39.92,2.50,2.49,3.01,0.03,0.00,-0.79,-2.06,0.62,-0.07,0.00,0.00
39.96,2.50,2.49,3.01,0.03,0.00,-0.90,-2.38,0.62,-0.08,0.00,0.00
40.00,2.50,2.51,3.01,-0.05,0.00,-0.90,3.22,-1.28,0.10,0.00,0.00
40.03,2.51,2.51,3.01,-0.06,0.00,3.64,3.75,-0.03,0.12,0.00,0.00
40.07,2.52,2.52,3.01,-0.07,0.00,5.65,5.01,0.13,0.16,0.00,0.00
40.10,2.52,2.52,3.01,-0.08,0.00,5.12,5.12,0.00,0.16,0.00,0.00
40.14,2.52,2.52,3.01,-0.08,0.00,5.86,5.12,0.14,0.16,0.00,0.00
40.17,2.51,2.51,3.01,-0.07,0.00,4.80,4.59,0.05,0.15,0.00,0.00
40.21,2.50,2.50,3.02,-0.01,0.00,0.26,0.79,-0.67,0.03,0.00,0.00
40.25,2.49,2.50,3.01,0.01,0.00,-1.85,-1.00,-0.84,-0.03,0.00,0.00
40.28,2.50,2.50,3.02,0.01,0.00,-1.43,-0.69,-1.08,-0.02,0.00,0.00
40.32,2.49,2.49,3.01,0.06,0.00,-1.95,-3.75,0.48,-0.12,0.00,0.00
40.35,2.50,2.50,3.01,0.02,0.00,-0.48,-1.11,0.57,-0.04,0.00,0.00
40.39,2.49,2.49,3.01,0.04,0.00,-2.06,-2.80,0.26,-0.09,0.00,0.00
40.42,2.50,2.50,3.01,0.02,0.00,-0.48,-1.11,0.57,-0.04,0.00,0.00
40.46,2.50,2.49,3.01,0.04,0.00,-0.90,-2.90,0.69,-0.09,0.00,0.00
40.49,2.50,2.50,3.01,0.01,0.00,-0.58,-1.00,0.42,-0.03,0.00,0.00
40.53,2.49,2.49,3.01,0.02,0.00,-1.85,-1.64,-0.13,-0.05,0.00,0.00
40.56,2.50,2.50,3.01,0.01,0.00,-0.90,-0.69,-0.31,-0.02,0.00,0.00
40.60,2.50,2.50,3.01,0.02,0.00,-1.53,-1.11,-0.38,-0.04,0.00,0.00
40.63,2.49,2.50,3.01,0.01,0.00,-1.64,-0.79,-1.07,-0.03,0.00,0.00
40.67,2.49,2.49,3.01,0.04,0.00,-1.95,-2.59,0.24,-0.08,0.00,0.00
40.71,2.50,2.50,3.01,0.02,0.00,-0.79,-1.43,0.44,-0.05,0.00,0.00
40.74,2.49,2.49,3.01,0.04,0.00,-2.06,-2.59,0.20,-0.08,0.00,0.00
40.78,2.50,2.49,3.01,0.03,0.00,-0.26,-1.95,0.86,-0.06,0.00,0.00
40.81,2.49,2.49,3.01,0.03,0.00,-1.64,-2.38,0.31,-0.08,0.00,0.00
40.85,2.50,2.50,3.01,0.02,0.00,-0.58,-1.32,0.56,-0.04,0.00,0.00
40.88,2.49,2.50,3.01,0.02,0.00,-1.95,-1.21,-0.61,-0.04,0.00,0.00
40.92,2.50,2.50,3.01,0.02,0.00,-1.32,-1.32,0.00,-0.04,0.00,0.00
40.95,2.49,2.49,3.01,0.03,0.00,-2.59,-2.16,-0.20,-0.07,0.00,0.00
40.99,2.50,2.50,3.01,0.02,0.00,-1.11,-1.32,0.16,-0.04,0.00,0.00
41.03,2.49,2.49,3.01,0.03,0.00,-2.27,-2.16,-0.05,-0.07,0.00,0.00
41.06,2.52,2.51,3.01,-0.03,0.00,5.75,2.38,1.42,0.08,0.00,0.00
41.10,2.51,2.51,3.01,-0.05,0.00,4.06,3.22,0.26,0.10,0.00,0.00
41.13,2.52,2.51,3.01,-0.07,0.00,5.75,4.70,0.22,0.15,0.00,0.00
41.17,2.51,2.51,3.01,-0.06,0.00,4.70,3.75,0.25,0.12,0.00,0.00
41.20,2.51,2.50,3.01,-0.01,0.00,2.16,0.69,2.15,0.02,0.00,0.00
41.24,2.49,2.50,3.01,0.02,0.00,-1.74,-1.21,-0.43,-0.04,0.00,0.00
41.28,2.50,2.50,3.01,0.01,0.00,-1.53,-0.69,-1.23,-0.02,0.00,0.00
41.31,2.49,2.50,3.01,0.02,0.00,-2.06,-1.43,-0.44,-0.05,0.00,0.00
41.35,2.49,2.50,3.01,0.01,0.00,-1.74,-0.58,-2.00,-0.02,0.00,0.00
41.38,2.49,2.49,3.01,0.03,0.00,-1.95,-1.85,-0.06,-0.06,0.00,0.00
41.42,2.50,2.49,3.01,0.03,0.00,-1.43,-2.06,0.31,-0.07,0.00,0.00
41.45,2.50,2.50,3.01,0.01,0.00,-0.48,-0.69,0.31,-0.02,0.00,0.00
41.49,2.50,2.49,3.01,0.03,0.00,-1.11,-1.74,0.36,-0.06,0.00,0.00
41.52,2.50,2.49,3.01,0.03,0.00,-1.00,-2.27,0.56,-0.07,0.00,0.00
41.56,2.49,2.50,3.01,0.02,0.00,-2.16,-1.43,-0.52,-0.05,0.00,0.00
41.60,2.50,2.50,3.02,0.01,0.00,-1.11,-0.90,-0.24,-0.03,0.00,0.00
41.63,2.49,2.50,3.01,0.02,0.00,-2.27,-1.32,-0.72,-0.04,0.00,0.00
41.67,2.49,2.50,3.01,0.01,0.00,-1.95,-0.37,-4.29,-0.01,0.00,0.00
41.70,2.49,2.49,3.01,0.04,0.00,-1.85,-2.59,0.29,-0.08,0.00,0.00
41.74,2.50,2.49,3.01,0.03,0.00,-0.16,-1.74,0.91,-0.06,0.00,0.00
41.77,2.50,2.49,3.01,0.04,0.00,-1.53,-2.48,0.38,-0.08,0.00,0.00
41.81,2.49,2.49,3.01,0.03,0.00,-2.06,-2.16,0.05,-0.07,0.00,0.00
41.84,2.50,2.50,3.01,-0.01,0.00,1.53,1.00,0.53,0.03,0.00,0.00
41.88,2.52,2.51,3.01,-0.07,0.00,5.23,4.49,0.16,0.14,0.00,0.00
41.91,2.52,2.51,3.01,-0.06,0.00,5.33,4.17,0.28,0.13,0.00,0.00
41.95,2.52,2.51,3.01,-0.06,0.00,5.86,3.85,0.52,0.12,0.00,0.00
41.98,2.52,2.52,3.01,-0.08,0.00,6.07,5.65,0.07,0.18,0.00,0.00
42.02,2.52,2.52,3.01,-0.08,0.00,4.91,5.23,-0.06,0.17,0.00,0.00
42.06,2.51,2.51,3.01,-0.03,0.00,4.38,1.85,1.37,0.06,0.00,0.00
42.09,2.50,2.50,3.01,0.01,0.00,1.11,-0.69,2.62,-0.02,0.00,0.00
42.13,2.50,2.50,3.01,0.01,0.00,-1.00,-1.00,0.00,-0.03,0.00,0.00
42.16,2.49,2.49,3.01,0.03,0.00,-1.85,-1.85,0.00,-0.06,0.00,0.00
42.20,2.50,2.49,3.01,0.03,0.00,-1.32,-2.38,0.44,-0.08,0.00,0.00
42.23,2.49,2.49,3.01,0.03,0.00,-3.85,-1.74,-1.21,-0.06,0.00,0.00
42.27,2.50,2.49,3.01,0.02,0.00,-0.90,-1.64,0.45,-0.05,0.00,0.00
42.30,2.50,2.49,3.01,0.03,0.00,-1.32,-2.38,0.44,-0.08,0.00,0.00
42.34,2.50,2.50,3.01,0.01,0.00,-0.58,-1.00,0.42,-0.03,0.00,0.00
42.38,2.50,2.50,3.01,0.01,0.00,-1.11,-0.79,-0.40,-0.03,0.00,0.00
